










排

球队名称

场次

主场统计

客场统计


名

0-1

2-3

4-6

≥7

球/场

0-1

2-3

4-6

≥7

球/场


1

尤文

36

10

7

1

0

1.5

8

8

2

0

1.7


2

AC米兰

36

5

8

5

0

2.5

8

8

2

0

1.6


3

国米

36

5

10

3

0

2.5

12

5

1

0

0.9


4

佛罗伦

36

7

9

1

0

1.7

13

5

1

0

1.1


5

罗马

36

9

6

2

0

1.6

7

9

3

0

2


6

拉齐奥

36

10

6

2

0

1.6

14

4

0

0

0.9


7

切沃

35

8

7

3

0

1.6

12

5

0

0

0.8


8

巴勒莫

35

9

7

1

0

1.6

13

5

0

0

0.7


9

利沃诺

36

9

9

0

0

1.1

14

4

0

0

0.8


10

帕尔马

36

13

4

1

0

1.1

12

6

0

0

1


11

恩波里

36

11

7

0

0

1.3

13

5

0

0

0.8


12

雷吉纳

36

10

8

0

0

1.2

16

2

0

0

0.4


13

桑普多

36

13

4

1

0

0.9

14

3

1

0

1


14

阿斯科

36

10

6

0

0

1.3

18

2

0

0

0.5


15

乌迪内

36

14

4

0

0

0.8

15

3

0

0

0.7


16

卡利亚

36

12

5

1

0

1

13

5

0

0

0.9


17

锡耶纳

36

14

3

1

0

0.7

13

5

0

0

1


18

梅西纳

36

14

4

0

0

0.7

13

5

0

0

0.6


19

莱切

36

14

4

0

0

0.8

16

2

0

0

0.6


20

特雷维

36

15

3

0

0

0.4

16

2

0

0

0.4