










排名

球队名称

赛

胜

平

负

进

失

净

客场积分


1

巴塞

17

10

4

3

32

14

18

34


2

皇马

18

9

6

3

27

15

12

33


3

拉科

18

9

5

4

28

22

6

32


4

巴伦西

18

9

4

5

23

15

8

31


5

奥萨苏

18

9

2

7

20

21

-1

29


6

马德里

18

6

6

6

23

18

5

24


7

切尔达

18

7

3

8

18

18

0

24


8

塞维利

18

7

3

8

23

24

-1

24


9

比利亚

18

5

8

5

19

18

1

23


10

加泰

18

7

2

9

22

24

-2

23


11

萨拉戈

18

4

10

4

19

22

-3

22


12

桑坦德

18

5

7

6

18

21

-3

22


13

马洛卡

18

4

5

9

15

28

-13

17


14

卡迪斯

18

4

4

10

13

24

-11

16


15

西班牙人

18

3

7

8

10

30

-20

16


16

毕尔巴

18

3

6

9

19

27

-8

15


17

艾拉维

18

3

6

9

15

27

-12

15


18

贝蒂斯

18

2

6

10

14

31

-17

12


19

皇家社会

18

3

3

12

17

37

-20

12


20

马拉加

18

2

4

12

20

38

-18

10