











排名

球队名称

赛

胜

平

负

进

失

净

主场积分


1

巴塞

18

14

3

1

43

15

28

45


2

巴伦西

18

10

7

1

33

15

18

37


3

皇马

18

11

3

4

37

18

19

36


4

切尔达

18

12

0

6

24

13

11

36


5

奥萨苏

18

11

3

4

26

19

7

36


6

塞维利

17

10

5

2

22

10

12

35


7

比利亚

18

8

6

4

26

18

8

30


8

加泰

18

7

7

4

29

23

6

28


9

皇家社会

18

8

3

7

29

25

4

27


10

马德里

18

7

5

6

20

17

3

26


11

贝蒂斯

18

7

5

6

17

18

-1

26


12

毕尔巴

18

6

6

6

16

17

-1

24


13

拉科

18

6

5

7

18

20

-2

23


14

马洛卡

18

5

8

5

18

20

-2

23


15

西班牙人

18

6

4

8

25

24

1

22


16

萨拉戈

18

5

6

7

23

26

-3

21


17

艾拉维

18

5

6

7

19

24

-5

21


18

卡迪斯

18

3

8

7

17

25

-8

17


19

桑坦德

18

3

6

9

16

25

-9

15


20

马拉加

18

3

5

10

16

23

-7

14