










球队名称

总积分榜

积分


排名

球队

赛

胜

平

负

进

失

净


1

巴塞

35

24

7

4

75

29

4679 -->

79


2

皇马

36

20

9

7

64

33

3169 -->

69


3

巴伦西

36

19

11

6

56

30

2668 -->

68


4

奥萨苏

36

20

5

11

46

40

665 -->

65


5

切尔达

36

19

3

14

42

31

1160 -->

60


6

塞维利

35

17

8

10

45

34

1159 -->

59


7

拉科

36

15

10

11

46

42

455 -->

55


8

比利亚

36

13

14

9

45

36

953 -->

53


9

加泰

36

14

9

13

51

47

451 -->

51


10

马德里

36

13

11

12

43

35

850 -->

50


11

萨拉戈

36

9

16

11

42

48

-643 -->

43


12

马洛卡

36

9

13

14

33

48

-1540 -->

40


13

毕尔巴

36

9

12

15

35

44

-939 -->

39


14

皇家社会

36

11

6

19

46

62

-1639 -->

39


15

贝蒂斯

36

9

11

16

31

49

-1838 -->

38


16

西班牙人

36

9

11

16

35

54

-1938 -->

38


17

桑坦德

36

8

13

15

34

46

-1237 -->

37


18

艾拉维

36

8

12

16

34

51

-1736 -->

36


19

卡迪斯

36

7

12

17

30

49

-1933 -->

33


20

马拉加

36

5

9

22

36

61

-2524 -->

24