










排名

球队名称

赛

胜

平

负

进

失

净

客场积分


1

汉堡

16

11

3

2

25

10

15

36


2

拜仁

16

8

6

2

24

17

7

30


3

不莱梅

16

8

4

4

27

18

9

28


4

沙尔克

16

6

7

3

15

14

1

25


5

勒沃库

16

7

3

6

32

24

8

24


6

斯图加

16

4

9

3

17

17

0

21


7

赫塔

16

4

7

5

21

24

-3

19


8

多特蒙

16

3

8

5

19

21

-2

17


9

汉诺威

16

3

7

6

14

21

-7

16


10

法兰福

16

4

3

9

17

28

-11

15


11

纽伦堡

16

3

4

9

16

29

-13

13


12

美因茨

16

3

3

10

15

24

-9

12


13

凯泽斯

16

3

3

10

19

36

-17

12


14

沃尔夫

16

3

3

10

16

37

-21

12


15

科隆

16

2

5

9

25

36

-11

11


16

比勒菲

16

2

5

9

12

28

-16

11


17

门兴

16

1

5

10

13

32

-19

8


18

杜斯堡

16

1

3

12

15

40

-25

6