











排名

球队名称

赛

胜

平

负

进

失

净

主场积分


1

拜仁

16

14

1

1

39

11

28

43


2

不莱梅

16

11

3

2

44

18

26

36


3

沙尔克

16

9

6

1

29

14

15

33


4

汉堡

16

10

2

4

25

14

11

32


5

门兴

16

8

6

2

25

16

9

30


6

纽伦堡

16

8

3

5

29

19

10

27


7

多特蒙

16

8

3

5

22

17

5

27


8

勒沃库

16

7

5

4

28

21

7

26


9

赫塔

16

7

5

4

26

20

6

26


10

比勒菲

16

8

2

6

18

13

5

26


11

美因茨

16

5

7

4

30

23

7

22


12

沃尔夫

16

4

9

3

14

14

0

21


13

法兰福

16

5

5

6

24

20

4

20


14

汉诺威

16

4

8

4

25

22

3

20


15

斯图加

16

4

7

5

16

18

-2

19


16

凯泽斯

16

5

4

7

25

32

-7

19


17

杜斯堡

16

3

8

5

17

23

-6

17


18

科隆

16

4

4

8

20

27

-7

16