










球队名称

总积分榜

积分


排名

球队

赛

胜

平

负

进

失

净


1

拜仁

32

22

7

3

63

28

3573 -->

73


2

汉堡

32

21

5

6

50

24

2668 -->

68


3

不莱梅

32

19

7

6

71

36

3564 -->

64


4

沙尔克

32

15

13

4

44

28

1658 -->

58


5

勒沃库

32

14

8

10

60

45

1550 -->

50


6

赫塔

32

11

12

9

47

44

345 -->

45


7

多特蒙

32

11

11

10

41

38

344 -->

44


8

斯图加

32

8

16

8

33

35

-240 -->

40


9

纽伦堡

32

11

7

14

45

48

-340 -->

40


10

门兴

32

9

11

12

38

48

-1038 -->

38


11

比勒菲

32

10

7

15

30

41

-1137 -->

37


12

汉诺威

32

7

15

10

39

43

-436 -->

36


13

法兰福

32

9

8

15

41

48

-735 -->

35


14

美因茨

32

8

10

14

45

47

-234 -->

34


15

沃尔夫

32

7

12

13

30

51

-2133 -->

33


16

凯泽斯

32

8

7

17

44

68

-2431 -->

31


17

科隆

32

6

9

17

45

63

-1827 -->

27


18

杜斯堡

32

4

11

17

32

63

-3123 -->

23