










排名

球队名称

赛

胜

平

负

进

失

净

客场积分


1

曼联

19

12

3

4

35

26

9

39


2

切尔西

18

11

3

4

25

12

13

36


3

利物浦

18

9

4

5

22

16

6

31


4

维冈

18

8

3

7

19

22

-3

27


5

西汉姆

19

7

4

8

22

30

-8

25


6

热刺

18

6

6

6

21

20

1

24


7

阿森纳

19

6

4

9

20

18

2

22


8

埃弗顿

19

6

4

9

12

27

-15

22


9

布莱克

19

6

3

10

20

25

-5

21


10

纽卡

19

6

2

11

19

27

-8

20


11

米德尔

18

5

4

9

20

27

-7

19


12

查尔顿

18

5

4

9

19

30

-11

19


13

博尔顿

19

4

6

9

20

28

-8

18


14

阿斯顿

19

4

6

9

22

35

-13

18


15

朴茨茅

19

5

1

13

20

38

-18

16


16

曼城

18

4

2

12

17

26

-9

14


17

伯明翰

18

2

5

11

9

29

-20

11


18

西布朗

18

1

6

11

8

32

-24

9


19

桑德兰

18

2

2

14

13

30

-17

8


20

富勒姆

19

1

4

14

17

37

-20

7