











排名

球队名称

赛

胜

平

负

进

失

净

主场积分


1

切尔西

19

18

1

0

47

9

38

55


2

利物浦

19

15

3

1

32

8

24

48


3

阿森纳

18

13

3

2

44

11

33

42


4

曼联

18

12

5

1

33

8

25

41


5

热刺

19

12

5

2

31

16

15

41


6

布莱克

18

12

3

3

29

17

12

39


7

富勒姆

18

12

2

4

30

21

9

38


8

博尔顿

18

10

5

3

28

13

15

35


9

纽卡

18

10

5

3

27

15

12

35


10

曼城

19

9

2

8

26

20

6

29


11

查尔顿

19

8

4

7

22

21

1

28


12

西汉姆

18

8

3

7

28

24

4

27


13

埃弗顿

18

8

3

7

20

20

0

27


14

米德尔

19

7

5

7

28

30

-2

26


15

维冈

19

7

3

9

24

26

-2

24


16

伯明翰

19

6

5

8

19

20

-1

23


17

朴茨茅

18

5

7

6

16

21

-5

22


18

阿斯顿

18

5

6

7

18

19

-1

21


19

西布朗

19

6

2

11

21

24

-3

20


20

桑德兰

19

1

4

14

12

37

-25

7