










球队名称

总积分榜

积分


排名

球队

赛

胜

平

负

进

失

净


1

切尔西

37

29

4

4

72

21

5191 -->

91


2

曼联

37

24

8

5

68

34

3480 -->

80


3

利物浦

37

24

7

6

54

24

3079 -->

79


4

热刺

37

18

11

8

52

36

1665 -->

65


5

阿森纳

37

19

7

11

64

29

3564 -->

64


6

布莱克

37

18

6

13

49

42

760 -->

60


7

纽卡

37

16

7

14

46

42

455 -->

55


8

博尔顿

37

14

11

12

48

41

753 -->

53


9

西汉姆

37

15

7

15

50

54

-452 -->

52


10

维冈

37

15

6

16

43

48

-551 -->

51


11

埃弗顿

37

14

7

16

32

47

-1549 -->

49


12

查尔顿

37

13

8

16

41

51

-1047 -->

47


13

米德尔

37

12

9

16

48

57

-945 -->

45


14

富勒姆

37

13

6

18

47

58

-1145 -->

45


15

曼城

37

13

4

20

43

46

-343 -->

43


16

阿斯顿

37

9

12

16

40

54

-1439 -->

39


17

朴茨茅

37

10

8

19

36

59

-2338 -->

38


18

伯明翰

37

8

10

19

28

49

-2134 -->

34


19

西布朗

37

7

8

22

29

56

-2729 -->

29


20

桑德兰

37

3

6

28

25

67

-4215 -->

15