










排名

球队名称

赛

胜

平

负

进

失

净

客场积分


1

尤文

18

12

5

1

36

15

21

41


2

罗马

18

8

8

2

34

19

15

32


3

AC米兰

18

9

3

6

32

16

16

30


4

国米

18

7

5

6

19

15

4

26


5

佛罗伦

18

5

7

6

22

21

1

22


6

巴勒莫

18

4

8

6

18

24

-6

20


7

乌迪内

18

5

5

8

20

30

-10

20


8

拉齐奥

18

4

7

7

19

28

-9

19


9

锡耶纳

18

4

6

8

23

32

-9

18


10

切沃

18

4

6

8

21

30

-9

18


11

利沃诺

18

4

5

9

15

27

-12

17


12

帕尔马

18

5

2

11

21

37

-16

17


13

桑普多

18

4

4

10

18

22

-4

16


14

雷吉纳

18

3

4

11

12

32

-20

13


15

恩波里

18

3

3

12

18

35

-17

12


16

阿斯科

18

1

8

9

14

27

-13

11


17

特雷维

18

1

8

9

12

29

-17

11


18

卡利亚

18

2

4

12

19

36

-17

10


19

梅西纳

18

2

4

12

14

33

-19

10


20

莱切

18

2

1

15

11

34

-23

7