











排名

球队名称

赛

胜

平

负

进

失

净

主场积分


1

AC米兰

18

17

1

0

48

12

36

52


2

国米

18

16

0

2

46

12

34

48


3

佛罗伦

18

15

1

2

37

18

19

46


4

尤文

18

13

5

0

31

8

23

44


5

拉齐奥

18

10

7

1

33

18

15

37


6

切沃

18

9

8

1

33

17

16

35


7

罗马

18

10

4

4

34

21

13

34


8

利沃诺

18

8

6

4

22

17

5

30


9

恩波里

18

9

3

6

25

24

1

30


10

阿斯科

18

7

8

3

26

21

5

29


11

巴勒莫

18

8

5

5

30

26

4

29


12

卡利亚

18

6

10

2

21

15

6

28


13

帕尔马

18

7

7

4

23

19

4

28


14

雷吉纳

18

8

4

6

25

26

-1

28


15

桑普多

18

6

6

6

28

26

2

24


16

梅西纳

18

4

9

5

19

22

-3

21


17

乌迪内

18

5

5

8

17

22

-5

20


18

锡耶纳

18

5

4

9

18

27

-9

19


19

莱切

18

4

6

8

16

22

-6

18


20

特雷维

18

1

4

13

10

25

-15

7