










球队名称

总积分榜

积分


排名

球队

赛

胜

平

负

进

失

净


1

尤文

36

25

10

1

67

23

4485 -->

85


2

AC米兰

36

26

4

6

80

28

5282 -->

82


3

国米

36

23

5

8

65

27

3874 -->

74


4

佛罗伦

36

20

8

8

59

39

2068 -->

68


5

罗马

36

18

12

6

68

40

2866 -->

66


6

拉齐奥

36

14

14

8

52

46

656 -->

56


7

切沃

36

13

14

9

54

47

753 -->

53


8

巴勒莫

36

12

13

11

48

50

-249 -->

49


9

利沃诺

36

12

11

13

37

44

-747 -->

47


10

帕尔马

36

12

9

15

44

56

-1245 -->

45


11

恩波里

36

12

6

18

43

59

-1642 -->

42


12

雷吉纳

36

11

8

17

37

58

-2141 -->

41


13

桑普多

36

10

10

16

46

48

-240 -->

40


14

阿斯科

36

8

16

12

40

48

-840 -->

40


15

乌迪内

36

10

10

16

37

52

-1540 -->

40


16

卡利亚

36

8

14

14

40

51

-1138 -->

38


17

锡耶纳

36

9

10

17

41

59

-1837 -->

37


18

梅西纳

36

6

13

17

33

55

-2231 -->

31


19

莱切

36

6

7

23

27

56

-2925 -->

25


20

特雷维

36

2

12

22

22

54

-3218 -->

18