


　　[专家分析] 分析师戴维 上周末切沃与罗马打出3+平局，害苦了不少彩民，另外国米、佛罗伦客场输球也是冷意绵绵，两队更是同时打出0球，因此进球彩头奖也是再度没有开出，二等奖也仅开出7注36万。
　　本期进球彩中3+赔率低于3.00的球队共有3支，均是强队坐阵主场打弱旅，分别是佛罗伦、尤文、罗马。佛罗伦和罗马的联赛第四之争应该会延续到赛季最后一轮，其中佛罗伦和罗马的对手分别是无欲无求的雷吉纳和已经降级的特雷维，打出3+的可能性极大。进0球赔率低于1.70的，正好是3+赔率低于3.00球队的对手，其中巴勒莫需要特别提点一下，球队的攻防都还算是不错的，恐怕尤文要想轻易胜出还是有些难度。









进球彩大势及六主因推介


对阵

首选

赔率

状态

主客

历史

等级

彩路

综合


单注

4096注

4096注

4096注

4096注

4096注

4096注

5184注


佛罗伦

3

23

12

23

23

23

23

23


雷吉纳

0

01

01

01

01

01

01

0


国&nbsp; 
米

1

12

12

23

12

12

01

012


锡耶纳

0

01

12

01

12

01

01

012


尤&nbsp; 
文

3

23

12

23

12

01

12

123


巴勒莫

0

01

12

01

01

01

01

01


梅西纳

1

01

12

01

01

12

12

01


恩波利

1

01

12

01

02

01

01

01


帕尔玛

0

01

01

12

02

01

01

01


AC米兰

1

12

12

23

13

01

12

123


罗&nbsp; 
马

3

23

23

23

23

23

23

23


特雷维

0

01

01

01

01

01

01

0&nbsp;