


　　[专家分析] 分析师李想 
上周除了彩路推介192注命中12场超出稳定区间一场以外，其他条件均处于稳定区间。联赛后期彩路的准确率较高，彩民设置过滤条件时可适当扩大彩路条件的稳定区间。
　　本周的大势形态为7-5-2，偏态较多，其中大偏态多达7场。这样的形态有好处也有坏处。一方面，胆材较多且强队坐镇主场，一旦全部打出，则对奖金有很大影响；另一方面，一旦爆出一两个心理冷门，则基本能保证收回投资。
　　历史上没有完全匹配的形态，类似的形态下分别出现过04020期6-5-2，04026期5-5-3，05004期5-5-4，一等奖奖金分别为85万5千、一等奖空缺、453万9千，可见本期还是有很大的投资价值的，头奖奖金长期低迷后应有所反弹。
&nbsp;











对阵

单注

状态

主客

历史

赔率

等级

彩路

综合

形态


512注

256注

128注

128注

1536注

256注

576注

2592注


佛罗伦VS雷吉纳

3

3 

31

31 

3

3

3

3 

3


国&nbsp; 
米VS锡耶纳

3

31 

3

3 

3

31

30

310 

31


尤&nbsp; 
文VS巴勒莫

3

31 

31

30 

31

31

3

3 

31 


莱&nbsp; 
切VS切&nbsp; 沃

0

10 

10

30 

10

310

10

10 

310 


梅西纳VS恩波利

3

30 

30

3 

31

31

01

30 

310


帕尔玛VSAC米兰

0

0 

0

0 

0

10

0

10 

10


罗&nbsp; 
马VS特雷维

3

31 

3

3 

31

3

30

3 

3


乌迪内VS卡利亚

3

3 

31

31 

31

31

3

3 

310


阿森纳VS维&nbsp; 
冈

3

3 

3

30 

3

3

31

3 

3


博尔顿VS伯明翰

3

31 

3

3

3

31

31

310

3


埃弗顿VS西布朗

3

3 

31

31

3

31

31

31

31


曼&nbsp; 
联VS查尔顿

3

31 

3

3

3

3

3

3

3


朴茨茅VS利物浦

0

30 

30

0

10

30

10

30

310


西汉姆VS热&nbsp; 
刺

0

10

10

30

10

30

1

31

30