

　　搜狐足彩中心注：本数据为结合整个欧洲赔率公司投注情况的汇总，其中欧洲平均胜负倾向为欧洲所有博彩公司的彩民胜负倾向数据。我们在之后的预测中，以百分比超过30%为可选项做出分析。搜狐网友胜负倾向为搜狐足彩调查取值，每放出数值，可以代表一些网友的观点。欧洲网友胜负倾向为了更加贴近比赛，我们分别针对意甲联赛取值意大利网友的调查，英超联赛取值英格兰网友的调查，以供彩民参考。
　　但是我们知道冷门往往是投注的冰点，所以冷门场次不一定会在预测值中出现，本预测仅为数值分析得出，未加任何影响因素。



    
    对阵
    彩
      果
欧洲平均胜负倾向
搜狐网友胜负倾向
欧洲网友胜负倾向 

胜/平/负(%)
    预测
胜/平/负(%)
    预测
    
胜/平/负(%)
    预测
  

    01
    科隆vs汉堡
    0    30
    28
    43
    30
    21.79
    19.75
    58.46
    0
    德
      国网友胜负倾向
    27.74
    31.21
    41.05
    01
  

    02
    汉诺威vs多特蒙
    0    37
    29
    34
    30
    28.93
    36.38
    34.69
    01
    31.88
    32.93
    35.19
    310
  

    03
    赫塔vs勒沃
    0    41
    28
    31
    30
    41.01
    28.89
    30.10
    30
    35.58
    32.26
    32.17
    310
  

    04
    沙尔克vs比勒菲
    3    60
    24
    15
    3
    82.93
    13.35
    3.72
    3
    53.40
    27.38
    19.22
    3
  

    05
    沃尔夫vs美因兹
    0    45
    28
    27
    3
    56.24
    29.21
    14.55
    3
    40.52
    31.79
    27.69
    31
  

    06
    杜伊斯vs不来梅
    0    15
    24
    61
    0
    9.99
    14.43
    75.59
    0
    14.95
    27.38
    57.67
    0
  

    07
    拜仁vs斯图加
    3    66
    22
    12
    3
    77.22
    18.59
    4.20
    3
    57.49
    25.45
    17.06
    3
  

    08
    法兰克vs凯泽斯
    1    46
    28
    26
    3
    47.21
    28.57
    24.22
    3
    40.36
    31.12
    28.51
    31
  

    09
    毕尔巴vs萨拉戈
    3    52
    27
    20
    3
    51.18
    30.24
    18.59
    31
    西
      班牙网友
    47.47
    30.00
    22.53
    31
  

    10
    马竞技vs奥萨苏
    0    41
    28
    31
    30
    34.82
    27.14
    38.04
    30
    35.81
    32.39
    31.80
    310
  

    11
    塞尔塔vs巴萨
    0    32
    29
    40
    30
    18.67
    24.78
    56.55
    0
    28.82
    32.03
    39.15
    01
  

    12
    马洛卡vs瓦伦西
    3    26
    29
    45
    0
    12.65
    20.76
    66.59
    0
    24.17
    31.92
    43.91
    01
  

    13
    塞维利vs赫塔菲
    3    51
    28
    21
    3
    58.92
    28.31
    12.77
    3
    46.37
    30.50
    23.12
    31
  

    14
    维拉利vs马拉加
    3    65
    23
    12
    3
    66.29
    21.76
    11.95
    3
    59.05
    25.37
    15.58
    3
  （小唛） 
