










排名

球队名称

赛

胜

平

负

进

失

净

客场积分


1

巴塞

16

9

4

3

31

14

17

31


2

巴伦西

17

9

4

4

22

13

9

31


3

皇马

17

8

6

3

24

13

11

30


4

拉科

17

8

5

4

26

21

5

29


5

奥萨苏

17

8

2

7

19

21

-2

26


6

马德里

18

6

6

6

23

18

5

24


7

切尔达

18

7

3

8

18

18

0

24


8

塞维利

18

7

3

8

23

24

-1

24


9

加泰

17

7

2

8

22

21

1

23


10

比利亚

18

5

8

5

19

18

1

23


11

萨拉戈

17

4

10

3

19

21

-2

22


12

桑坦德

18

5

7

6

18

21

-3

22


13

马洛卡

18

4

5

9

15

28

-13

17


14

卡迪斯

18

4

4

10

13

24

-11

16


15

西班牙人

18

3

7

8

10

30

-20

16


16

毕尔巴

18

3

6

9

19

27

-8

15


17

艾拉维

18

3

6

9

15

27

-12

15


18

贝蒂斯

17

2

6

9

14

29

-15

12


19

皇家社会

17

3

2

12

15

35

-20

11


20

马拉加

17

2

4

11

19

36

-17

10