










排名
球队名称
赛
胜
平
负
进
失
净
主场积分

1
巴塞
18
14
3
1
43
15
28
45

2
巴伦西
18
10
7
1
33
15
18
37

3
皇马
18
11
3
4
37
18
19
36

4
切尔达
17
12
0
5
24
12
12
36

5
奥萨苏
18
11
3
4
26
19
7
36

6
塞维利
16
9
5
2
19
10
9
32

7
加泰
18
7
7
4
29
23
6
28

8
比利亚
17
7
6
4
24
17
7
27

9
皇家社会
18
8
3
7
29
25
4
27

10
马德里
17
7
5
5
20
16
4
26

11
贝蒂斯
18
7
5
6
17
18
-1
26

12
拉科
18
6
5
7
18
20
-2
23

13
西班牙人
17
6
4
7
24
22
2
22

14
毕尔巴
17
5
6
6
15
17
-2
21

15
萨拉戈
18
5
6
7
23
26
-3
21

16
马洛卡
17
4
8
5
16
19
-3
20

17
艾拉维
17
4
6
7
17
24
-7
18

18
卡迪斯
17
3
7
7
15
23
-8
16

19
桑坦德
17
3
6
8
14
22
-8
15

20
马拉加
18
3
5
10
16
23
-7
14