










球队名称

总积分榜

积分


排名

球队

赛

胜

平

负

进

失

净


1

巴塞

34

23

7

4

74

29

4576 -->

76


2

巴伦西

35

19

11

5

55

28

2768 -->

68


3

皇马

35

19

9

7

61

31

3066 -->

66


4

奥萨苏

35

19

5

11

45

40

562 -->

62


5

切尔达

35

19

3

13

42

30

1260 -->

60


6

塞维利

34

16

8

10

42

34

856 -->

56


7

拉科

35

14

10

11

44

41

352 -->

52


8

加泰

35

14

9

12

51

44

751 -->

51


9

马德里

35

13

11

11

43

34

950 -->

50


10

比利亚

35

12

14

9

43

35

850 -->

50


11

萨拉戈

35

9

16

10

42

47

-543 -->

43


12

皇家社会

35

11

5

19

44

60

-1638 -->

38


13

贝蒂斯

35

9

11

15

31

47

-1638 -->

38


14

西班牙人

35

9

11

15

34

52

-1838 -->

38


15

桑坦德

35

8

13

14

32

43

-1137 -->

37


16

马洛卡

35

8

13

14

31

47

-1637 -->

37


17

毕尔巴

35

8

12

15

34

44

-1036 -->

36


18

艾拉维

35

7

12

16

32

51

-1933 -->

33


19

卡迪斯

35

7

11

17

28

47

-1932 -->

32


20

马拉加

35

5

9

21

35

59

-2424 -->

24