










排名

球队名称

赛

胜

平

负

进

失

净

客场积分


1

汉堡

15

10

3

2

24

10

14

33


2

拜仁

16

8

6

2

24

17

7

30


3

不莱梅

15

7

4

4

22

15

7

25


4

沙尔克

16

6

7

3

15

14

1

25


5

勒沃库

15

6

3

6

27

23

4

21


6

斯图加

15

4

9

2

16

14

2

21


7

赫塔

16

4

7

5

21

24

-3

19


8

汉诺威

16

3

7

6

14

21

-7

16


9

法兰福

16

4

3

9

17

28

-11

15


10

多特蒙

15

2

8

5

17

20

-3

14


11

纽伦堡

16

3

4

9

16

29

-13

13


12

沃尔夫

16

3

3

10

16

37

-21

12


13

科隆

16

2

5

9

25

36

-11

11


14

比勒菲

15

2

5

8

11

25

-14

11


15

凯泽斯

15

3

2

10

17

34

-17

11


16

美因茨

15

2

3

10

12

24

-12

9


17

门兴

15

1

5

9

11

27

-16

8


18

杜斯堡

16

1

3

12

15

40

-25

6