











排名

球队名称

赛

胜

平

负

进

失

净

主场积分


1

拜仁

15

13

1

1

36

10

26

40


2

不莱梅

16

11

3

2

44

18

26

36


3

汉堡

16

10

2

4

25

14

11

32


4

沙尔克

15

8

6

1

26

13

13

30


5

门兴

16

8

6

2

25

16

9

30


6

多特蒙

16

8

3

5

22

17

5

27


7

赫塔

15

7

5

3

25

15

10

26


8

勒沃库

16

7

5

4

28

21

7

26


9

比勒菲

16

8

2

6

18

13

5

26


10

纽伦堡

15

7

3

5

24

17

7

24


11

美因茨

16

5

7

4

30

23

7

22


12

沃尔夫

15

4

9

2

14

11

3

21


13

汉诺威

15

4

8

3

24

20

4

20


14

法兰福

15

5

4

6

22

18

4

19


15

斯图加

16

4

7

5

16

18

-2

19


16

凯泽斯

16

5

4

7

25

32

-7

19


17

杜斯堡

15

3

8

4

14

18

-4

17


18

科隆

15

4

4

7

20

26

-6

16