










球队名称

总积分榜

积分


排名

球队

赛

胜

平

负

进

失

净


1

拜仁

31

21

7

3

60

27

3370 -->

70


2

汉堡

31

20

5

6

49

24

2565 -->

65


3

不莱梅

31

18

7

6

66

33

3361 -->

61


4

沙尔克

31

14

13

4

41

27

1455 -->

55


5

勒沃库

31

13

8

10

55

44

1147 -->

47


6

赫塔

31

11

12

8

46

39

745 -->

45


7

多特蒙

31

10

11

10

39

37

241 -->

41


8

斯图加

31

8

16

7

32

32

040 -->

40


9

门兴

31

9

11

11

36

43

-738 -->

38


10

纽伦堡

31

10

7

14

40

46

-637 -->

37


11

比勒菲

31

10

7

14

29

38

-937 -->

37


12

汉诺威

31

7

15

9

38

41

-336 -->

36


13

法兰福

31

9

7

15

39

46

-734 -->

34


14

沃尔夫

31

7

12

12

30

48

-1833 -->

33


15

美因茨

31

7

10

14

42

47

-531 -->

31


16

凯泽斯

31

8

6

17

42

66

-2430 -->

30


17

科隆

31

6

9

16

45

62

-1727 -->

27


18

杜斯堡

31

4

11

16

29

58

-2923 -->

23