
　　搜狐足彩中心注：本数据为结合整个欧洲赔率公司投注情况的汇总，其中欧洲平均胜负倾向为欧洲所有博彩公司的彩民胜负倾向数据。我们在之后的预测中，以百分比超过30%为可选项做出分析。搜狐网友胜负倾向为搜狐足彩调查取值，每放出数值，可以代表一些网友的观点。欧洲网友胜负倾向为了更加贴近比赛，我们分别针对意甲联赛取值意大利网友的调查，英超联赛取值英格兰网友的调查，以供彩民参考。
　　但是我们知道冷门往往是投注的冰点，所以冷门场次不一定会在预测值中出现，本预测仅为数值分析得出，未加任何影响因素。




对阵
彩果
欧洲平均胜负倾向
搜狐网友胜负倾向
欧洲网友胜负倾向 


胜/平/负(%)
预测
胜/平/负(%)
预测

胜/平/负(%)
预测

01
卡利亚vs帕尔玛
    3
周四
64
24
12
3
43.45
32.64
23.91
31
意大利网友胜负倾向
57.96
26.62
15.41
3

周五
64
24
12

周六
64
24
12

02
切沃vs罗马
    1
周四
29
29
41
0
18.90
39.77
41.33
01
26.14
32.11
41.75
01

周五
30
29
41

周六
29
29
41

03
恩波利vs国米
    3
周四
20
29
51
0
8.21
18.23
73.56
0
16.53
31.23
52.24
01

周五
20
29
51

周六
20
29
51

04
拉齐奥vs莱切
    3
周四
75
17
8
3
84.76
12.14
3.10
3
70.13
17.73
12.14
3

周五
76
17
8

周六
76
17
8

05
AC米兰vs利沃诺
    3
周四
75
17
8
3
81.71
14.29
3.99
3
68.56
18.08
13.36
3

周五
75
17
8

周六
75
17
8

06
巴勒莫vs佛罗伦
    3
周四
25
30
45
01
15.83
39.23
44.95
01
21.37
33.16
45.47
01

周五
25
30
45

周六
25
30
45

07
雷吉纳vs梅西纳
    3
周四
46
29
26
3
45.25
37.59
17.16
31
41.14
30.14
28.73
31

周五
46
29
25

周六
46
29
25

08
锡耶纳vs尤文
    0
周四
11
25
64
0
5.81
17.43
76.76
0
10.28
29.58
60.15
0

周五
11
24
65

周六
11
24
65

09
伯明翰vs纽卡斯
    1
周四
39
28
33
30
24.33
28.65
47.02
0
英格兰网友胜负倾向
34.27
30.74
34.99
310

周五
39
28
33

周六
39
28
33

10
切尔西vs曼联
    3
周四
44
29
27
3
41.68
41.45
16.87
31
38.62
30.64
30.74
310

周五
43
29
27

周六
43
30
27

11
利物浦vs阿斯顿
    3
周四
68
22
10
3
87.55
10.13
2.31
3
62.91
21.73
15.36
3

周五
68
22
11

周六
68
22
10

12
热刺vs博尔顿
    3
周四
56
26
17
3
61.90
26.61
11.49
3
48.32
29.96
21.72
3

周五
56
26
17

周六
56
26
17

13
查尔顿vs布莱克
    0
周四
34
28
37
30
29.92
36.40
33.68
01
37.66
27.95
34.40
30

周五
34
28
37

周六
34
29
37

14
维冈vs朴茨茅
    0
周四
38
28
34
30
42.33
28.55
29.12
3
36.74
30.06
33.20
310

周五
38
28
34

周六
38
28
34（小唛） 