


　　上期进球彩罗马再次打出意想不到的结果，因此全国只开出了1注头奖，本版中的六主因、澳彩推荐、戴维专栏等栏目都命中了二等奖，同时还收获了多注三等奖。
　　本期3+赔率低于3.00的球队共有2支，分别是拉齐奥和尤文。拉齐奥由于现在正全力争夺联盟杯资格，再加上莱切已经提前降级，拉齐奥本场取得一场的机会不小；尤文状态不佳，连续多场的平局让他们的积分优势仅有3分，本场虽说锡耶纳送上三分的可能较大，但相信尤文也不会穷追猛打。进0球赔率低于1.70的球队同样也是两支，而且还正是尤文和拉齐奥的对手，相对来看莱切本场无欲无求，在心态放松下有可能取得进球，而锡耶纳想打破尤文的防守则有些难。









进球彩大势及六主因推介


对阵

首选

赔率

状态

主客

历史

等级

彩路

综合


单注

4096注

4096注

4096注

4096注

4096注

4096注

4608注


切&nbsp; 
沃

1

01

12

12

02

12

01

012


罗&nbsp; 
马

1

12

13

12

13

12

12

12


恩波利

1

12

12

12

12

01

01

12


国&nbsp; 
米

1

12

02

12

23

23

12

12


拉齐奥

3

23

23

23

23

23

23

23


莱&nbsp; 
切

0

01

01

01

01

01

02

01


AC米兰

2

12

13

13

23

23

23

123


利沃诺

1

01

01

01

12

01

01

01


巴勒莫

0

01

12

12

12

01

01

01


佛罗伦

2

12

12

12

12

12

12

12


锡耶纳

0

01

12

01

01

01

01

01


尤&nbsp; 
文

2

13

12

12

23

23

13

2