


　　[专家分析] 分析师卯金刀 
上周彩路条件命中1024注命中13场，是条件中唯一不符合稳定区间的，给过滤参考造成一定的影响。而一等奖28万和二等奖4千也相差悬殊，显然是受到了冷门较多但大冷不多的影响。
　　本期形态3-5-6，难度指数59.02 
由于本期偏态仍然较多，奖金成色还是有很大期望的，历史上有四次本形态下的竞猜，均爆出大奖，05011、05031、05035、05045期的一等奖奖金分别为26万，112万，56万，25万，整体上成色不错，特别是本期有大量主场强队主场遭遇客场弱旅，比如AC米兰遭遇利沃诺，拉齐奥遭遇莱切，利物浦遭遇维拉，热刺遭遇博尔顿，这些一旦保持心理冷门，会非常有杀伤力。建议前两期没有过足瘾、损失较大的彩民在本期多加投资，或许会有意外的惊喜。
&nbsp; 











对阵

单注

状态

主客

历史

赔率

等级

彩路

综合

形态


768注

512注

1024注

384注

288注

192注

3456注

3456注


卡利亚VS帕尔玛

3

3 

31

30 

3 

10

3

3 

31


切&nbsp; 
沃VS罗&nbsp; 马

0

1 

31

31 

10 

30

10

10 

30


恩波利VS国&nbsp; 
米

0

10 

1

0 

0 

1

10

10 

0 


拉齐奥VS莱&nbsp; 
切

3

3 

31

13 

31 

3

3

3 

3 


AC米兰VS利沃诺

3

31 

3

30 

3 

3

3

31 

31


巴勒莫VS佛罗伦

0

310 

31

30 

10 

310

10

10 

10


雷吉纳VS梅西纳

3

31 

31

30 

31 

3

3

31 

31


锡耶纳VS尤&nbsp; 
文

0

0 

0

0 

10 

0

0

0 

0


伯明翰VS纽卡斯

3

30 

31

10 

310 

31

31

3 

310


切尔西VS曼&nbsp; 
联

3

30 

31

30

13

31

31

310

3


利物浦VS维&nbsp; 
拉

3

31 

3

31

3

3

3

31

31


热&nbsp; 
刺VS博尔顿

3

31 

3

0

3

30

3

310

310


查尔顿VS布莱克

1

31 

31

30

31

3

30

310

310


维&nbsp; 
冈VS朴茨茅

3

1

31

3

3

310

310

30

30