










排

球队名称

场次

主场统计

客场统计


名

0-1

2-3

4-6

≥7

球/场

0-1

2-3

4-6

≥7

球/场


1

尤文

35

10

7

1

0

1.5

8

7

2

0

1.7


2

AC米兰

35

5

7

5

0

2.5

8

8

2

0

1.6


3

国米

35

5

10

3

0

2.5

11

5

1

0

1


4

佛罗伦

35

7

9

1

0

1.7

12

5

1

0

1.1


5

罗马

35

9

6

2

0

1.6

7

9

2

0

1.8


6

拉齐奥

35

9

6

2

0

1.6

14

4

0

0

0.9


7

切沃

34

8

7

2

0

1.5

12

5

0

0

0.8


8

利沃诺

35

9

9

0

0

1.1

13

4

0

0

0.8


9

巴勒莫

34

8

7

1

0

1.6

13

5

0

0

0.7


10

帕尔马

35

13

4

1

0

1.1

11

6

0

0

1


11

桑普多

35

12

4

1

0

0.9

14

3

1

0

1


12

阿斯科

35

10

6

0

0

1.3

18

1

0

0

0.4


13

乌迪内

35

14

4

0

0

0.8

14

3

0

0

0.7


14

恩波里

35

10

7

0

0

1.4

13

5

0

0

0.8


15

雷吉纳

35

10

7

0

0

1.1

16

2

0

0

0.4


16

锡耶纳

35

13

3

1

0

0.7

13

5

0

0

1


17

卡利亚

35

12

4

1

0

0.9

13

5

0

0

0.9


18

梅西纳

35

14

4

0

0

0.7

12

5

0

0

0.7


19

莱切

35

14

4

0

0

0.8

15

2

0

0

0.6


20

特雷维

35

15

2

0

0

0.3

16

2

0

0

0.4