










排名

球队名称

赛

胜

平

负

进

失

净

客场积分


1

巴塞

16

9

4

3

31

14

17

31


2

巴伦西

17

9

4

4

22

13

9

31


3

拉科

17

8

5

4

26

21

5

29


4

皇马

16

7

6

3

23

13

10

27


5

奥萨苏

17

8

2

7

19

21

-2

26


6

马德里

18

6

6

6

23

18

5

24


7

加泰

17

7

2

8

22

21

1

23


8

比利亚

17

5

7

5

18

17

1

22


9

萨拉戈

17

4

10

3

19

21

-2

22


10

塞维利

17

6

3

8

21

23

-2

21


11

切尔达

17

6

3

8

16

18

-2

21


12

桑坦德

17

4

7

6

15

19

-4

19


13

卡迪斯

17

4

4

9

13

23

-10

16


14

艾拉维

17

3

6

8

15

24

-9

15


15

西班牙人

17

3

6

8

9

29

-20

15


16

毕尔巴

17

3

5

9

18

26

-8

14


17

马洛卡

17

3

5

9

14

28

-14

14


18

贝蒂斯

17

2

6

9

14

29

-15

12


19

皇家社会

17

3

2

12

15

35

-20

11


20

马拉加

17

2

4

11

19

36

-17

10