











排名

球队名称

赛

胜

平

负

进

失

净

主场积分


1

巴塞

17

13

3

1

42

15

27

42


2

皇马

18

11

3

4

37

18

19

36


3

切尔达

17

12

0

5

24

12

12

36


4

奥萨苏

17

11

3

3

26

18

8

36


5

巴伦西

17

9

7

1

30

15

15

34


6

塞维利

16

9

5

2

19

10

9

32


7

比利亚

17

7

6

4

24

17

7

27


8

加泰

17

7

6

4

28

22

6

27


9

皇家社会

17

8

3

6

28

23

5

27


10

马德里

16

7

5

4

20

15

5

26


11

贝蒂斯

17

7

4

6

16

17

-1

25


12

拉科

17

6

5

6

18

18

0

23


13

西班牙人

17

6

4

7

24

22

2

22


14

毕尔巴

17

5

6

6

15

17

-2

21


15

萨拉戈

17

5

5

7

22

25

-3

20


16

马洛卡

17

4

8

5

16

19

-3

20


17

艾拉维

17

4

6

7

17

24

-7

18


18

卡迪斯

17

3

7

7

15

23

-8

16


19

桑坦德

17

3

6

8

14

22

-8

15


20

马拉加

17

3

5

9

14

20

-6

14