










球队名称

总积分榜

积分


排名

球队

赛

胜

平

负

进

失

净


1

巴塞

33

22

7

4

73

29

4473 -->

73
f1f1f1');" height=19>

2

巴伦西

34

18

11

5

52

28

2465 -->

65


3

皇马

34

18

9

7

60

31

2963 -->

63


4

奥萨苏

34

19

5

10

45

39

662 -->

62


5

切尔达

34

18

3

13

40

30

1057 -->

57


6

塞维利

33

15

8

10

40

33

753 -->

53


7

拉科

34

14

10

10

44

39

552 -->

52


8

马德里

34

13

11

10

43

33

1050 -->

50


9

加泰

34

14

8

12

50

43

750 -->

50


10

比利亚

34

12

13

9

42

34

849 -->

49


11

萨拉戈

34

9

15

10

41

46

-542 -->

42


12

皇家社会

34

11

5

18

43

58

-1538 -->

38


13

贝蒂斯

34

9

10

15

30

46

-1637 -->

37


14

西班牙人

34

9

10

15

33

51

-1837 -->

37


15

毕尔巴

34

8

11

15

33

43

-1035 -->

35


16

桑坦德

34

7

13

14

29

41

-1234 -->

34


17

马洛卡

34

7

13

14

30

47

-1734 -->

34


18

艾拉维

34

7

12

15

32

48

-1633 -->

33


19

卡迪斯

34

7

11

16

28

46

-1832 -->

32


20

马拉加

34

5

9

20

33

56

-2324 -->

24