










排名

球队名称

赛

胜

平

负

进

失

净

客场积分


1

曼联

18

12

3

3

35

23

12

39


2

切尔西

17

11

3

3

25

11

14

36


3

利物浦

17

8

4

5

20

15

5

28


4

维冈

18

8

3

7

19

22

-3

27


5

热刺

18

6

6

6

21

20

1

24


6

西汉姆

18

6

4

8

21

30

-9

22


7

纽卡

18

6

1

11

19

27

-8

19


8

查尔顿

18

5

4

9

19

30

-11

19


9

埃弗顿

18

5

4

9

11

27

-16

19


10

博尔顿

18

4

6

8

20

27

-7

18


11

布莱克

18

5

3

10

18

25

-7

18


12

阿斯顿

18

4

6

8

21

32

-11

18


13

米德尔

16

5

2

9

19

26

-7

17


14

阿森纳

17

4

4

9

14

17

-3

16


15

朴茨茅

18

4

1

13

18

37

-19

13


16

曼城

17

3

2

12

16

26

-10

11


17

伯明翰

18

2

5

11

9

29

-20

11


18

西布朗

18

1

6

11

8

32

-24

9


19

桑德兰

18

2

2

14

13

30

-17

8


20

富勒姆

17

0

4

13

14

34

-20

4