











排名

球队名称

赛

胜

平

负

进

失

净

主场积分


1

切尔西

18

17

1

0

44

9

35

52


2

利物浦

18

14

3

1

29

7

22

45


3

阿森纳

18

13

3

2

44

11

33

42


4

曼联

17

12

4

1

33

8

25

40


5

热刺

18

11

5

2

30

16

14

38


6

富勒姆

18

12

2

4

30

21

9

38


7

布莱克

17

11

3

3

28

17

11

36


8

纽卡

18

10

5

3

27

15

12

35


9

博尔顿

17

10

4

3

27

12

15

34


10

曼城

17

9

2

6

24

15

9

29


11

查尔顿

18

8

4

6

22

19

3

28


12

西汉姆

17

8

3

6

27

22

5

27


13

埃弗顿

18

8

3

7

20

20

0

27


14

米德尔

18

7

5

6

28

29

-1

26


15

维冈

18

7

3

8

23

24

-1

24


16

伯明翰

18

6

4

8

19

20

-1

22


17

朴茨茅

18

5

7

6

16

21

-5

22


18

阿斯顿

17

5

6

6

18

18

0

21


19

西布朗

18

6

2

10

21

23

-2

20


20

桑德兰

17

0

4

13

10

33

-23

4