









球队名称

总积分榜

积分


排名

球队

赛

胜

平

负

进

失

净


1

切尔西

35

28

4

3

69

20

4988 -->

88


2

曼联

35

24

7

4

68

31

3779 -->

79


3

利物浦

35

22

7

6

49

22

2773 -->

73


4

热刺

36

17

11

8

51

36

1562 -->

62


5

阿森纳

35

17

7

11

58

28

3058 -->

58


6

布莱克

35

16

6

13

46

42

454 -->

54


7

纽卡

36

16

6

14

46

42

454 -->

54


8

博尔顿

35

14

10

11

47

39

852 -->

52


9

维冈

36

15

6

15

42

46

-451 -->

51


10

西汉姆

35

14

7

14

48

52

-449 -->

49


11

查尔顿

36

13

8

15

41

49

-847 -->

47


12

埃弗顿

36

13

7

16

31

47

-1646 -->

46


13

米德尔

34

12

7

15

47

55

-843 -->

43


14

富勒姆

35

12

6

17

44

55

-1142 -->

42


15

曼城

34

12

4

18

40

41

-140 -->

40


16

阿斯顿

35

9

12

14

39

50

-1139 -->

39


17

朴茨茅

36

9

8

19

34

58

-2435 -->

35


18

伯明翰

36

8

9

19

28

49

-2133 -->

33


19

西布朗

36

7

8

21

29

55

-2629 -->

29


20

桑德兰

35

2

6

27

23

63

-4012 -->

12
