










排名

球队名称

赛

胜

平

负

进

失

净

客场积分


1

尤文

17

11

5

1

33

15

18

38


2

罗马

17

8

7

2

30

15

15

31


3

AC米兰

18

9

3

6

32

16

16

30


4

国米

17

7

5

5

19

14

5

26


5

佛罗伦

17

5

7

5

22

20

2

22


6

巴勒莫

18

4

8

6

18

24

-6

20


7

拉齐奥

18

4

7

7

19

28

-9

19


8

乌迪内

17

5

4

8

19

29

-10

19


9

锡耶纳

18

4

6

8

23

32

-9

18


10

切沃

18

4

6

8

21

30

-9

18


11

利沃诺

17

4

5

8

15

25

-10

17


12

帕尔马

17

5

2

10

20

34

-14

17


13

桑普多

18

4

4

10

18

22

-4

16


14

雷吉纳

18

3

4

11

12

32

-20

13


15

恩波里

18

3

3

12

18

35

-17

12


16

特雷维

18

1

8

9

12

29

-17

11


17

阿斯科

17

1

7

9

12

25

-13

10


18

梅西纳

17

2

4

11

14

30

-16

10


19

卡利亚

18

2

4

12

19

36

-17

10


20

莱切

17

2

1

14

11

33

-22

7