











排名

球队名称

赛

胜

平

负

进

失

净

主场积分


1

AC米兰

17

16

1

0

46

12

34

49


2

国米

18

16

0

2

46

12

34

48


3

佛罗伦

18

15

1

2

37

18

19

46


4

尤文

18

13

5

0

31

8

23

44


5

切沃

17

9

7

1

29

13

16

34


6

拉齐奥

17

9

7

1

32

18

14

34


7

罗马

18

10

4

4

34

21

13

34


8

利沃诺

18

8

6

4

22

17

5

30


9

阿斯科

18

7

8

3

26

21

5

29


10

帕尔马

18

7

7

4

23

19

4

28


11

恩波里

17

8

3

6

24

24

0

27


12

巴勒莫

17

7

5

5

29

26

3

26


13

卡利亚

17

5

10

2

18

14

4

25


14

雷吉纳

17

7

4

6

22

26

-4

25


15

桑普多

17

6

5

6

27

25

2

23


16

梅西纳

18

4

9

5

19

22

-3

21


17

乌迪内

18

5

5

8

17

22

-5

20


18

锡耶纳

17

5

4

8

18

24

-6

19


19

莱切

18

4

6

8

16

22

-6

18


20

特雷维

17

1

3

13

8

23

-15

6