










球队名称

总积分榜

积分


排名

球队

赛

胜

平

负

进

失

净


1

尤文

35

24

10

1

64

23

4182 -->

82


2

AC米兰

35

25

4

6

78

28

5079 -->

79


3

国米

35

23

5

7

65

26

3974 -->

74


4

佛罗伦

35

20

8

7

59

38

2168 -->

68


5

罗马

35

18

11

6

64

36

2865 -->

65


6

拉齐奥

35

13

14

8

51

46

553 -->

53


7

切沃

35

13

13

9

50

43

752 -->

52


8

利沃诺

35

12

11

12

37

42

-547 -->

47


9

巴勒莫

35

11

13

11

47

50

-346 -->

46


10

帕尔马

35

12

9

14

43

53

-1045 -->

45


11

桑普多

35

10

9

16

45

47

-239 -->

39


12

阿斯科

35

8

15

12

38

46

-839 -->

39


13

乌迪内

35

10

9

16

36

51

-1539 -->

39


14

恩波里

35

11

6

18

42

59

-1739 -->

39


15

雷吉纳

35

10

8

17

34

58

-2438 -->

38


16

锡耶纳

35

9

10

16

41

56

-1537 -->

37


17

卡利亚

35

7

14

14

37

50

-1335 -->

35


18

梅西纳

35

6

13

16

33

52

-1931 -->

31


19

莱切

35

6

7

22

27

55

-2825 -->

25


20

特雷维

35

2

11

22

20

52

-3217 -->

17