[来源：中国人事部网]&nbsp; 
　　以下信息选自中国人事部3月24日在其官方网站发布的《2005年高校毕业生就业接收及2006年需求情况调查分析》。 
　　与2005年专业需求相比，2006年毕业生专业需求情况总体变化不大，排在前两位的仍然是机械设计与制造类和计算机科学与应用类专业。其中排名前十位的专业共需求毕业生587126名，占总需求数的35.3%。此外，还有一个显著特点是医药卫生专业毕业生需求增长较快，进入了前十名，需求数为31756名，与去年需求数17227名相比有大幅增长，预计2006年这部分专业毕业生的就业情况会相对较好。除表5所列的排序前十位专业外，2006年统计地区需求数量较多的专业还有师范、法律、汉语言文学、经济学、国际贸易、临床医学、化工制药、材料学、通信工程、金融等。 





序号

专业

总需求

研究生

本科生

专科生


1

机械设计与制造类 

111883 

8809 

59227 

43847 


2

计算机科学与应用类 

83652 

16607 

46961 

17584 


3

信息与电子类 

70576 

8676 

42679 

17421 


4

市场营销 

69712 

1921 

33834 

30457 


5

管理类 

61247 

4694 

37406 

18247 


6

建筑类 

50472 

2589 

31438 

13945 


7

电气工程及自动化 

41945 

3829 

27368 

9048 


8

英语 

35932 

3876 

22918 

9138 


9

信息与电子类

31756 

6089 

18057 

6810 


10

财会 

29951 

2264 

18159 

7928 