&nbsp;
&nbsp; 欢迎报考浙江大学生命科学学院，现就复试分数线及调剂事宜通知如下：
　　学校鼓励生源丰富的学院，可根据本学院学科专业特点，在学校复试分数线基本要求之上，按公平竞争原则可再行划定复试分数。生命科学学院在“浙江大学2006年硕士研究生复试分数线的基本要求”基础上，二次划定复试分数线总分不低于350分。 
　　由于学院上线考生将超过招生名额，因此各学科一律不破格，不授理外校、外单位及外院考生调剂。凡达到浙大理科复试分数线、但未达到生命科学学院复试分数线的考生，若愿在浙大校内调剂(除生命科学学院外)，请直接与相关学院和研究生院招办联系；若申请校外调剂，请直接与校研究生院招生办联系。
　　未达到浙大复试分数线、但已达到国家复试分数线的考生，若申请调剂外校，需等国家分数线出来后才能进行，届时请直接与浙大研究生院招生办联系。未达到国家分数线的考生，不能进行调剂。(详见研究生院招办网上通知)
　　有关具体复试时间、复试地点、复试形式、名单分组、招生指标及学院内专业调剂等事项。
&nbsp; 请关注：www.cls.zju.edu.cn/yjsk/ 网上近日通知。
　　生命科学学院2006硕复试上线考生成绩排序 











序号
报考专业名称
外语
政治
科目1
科目2
总分

1
海洋生物学
60
66
123
121
370

2
海洋生物学
56
75
112
111
354

1
植物学
77
74
128
113
392

2
植物学
60
76
131
123
390

3
植物学
71
68
132
114
385

4
植物学
73
78
125
107
383

5
植物学
71
75
115
119
380

6
植物学
65
84
128
101
378

7
植物学
64
75
131
106
376

8
植物学
65
77
129
104
375

9
植物学
58
80
121
113
372

10
植物学
68
64
136
103
371

11
植物学
61
75
129
105
370

12
植物学
75
79
106
108
368

13
植物学
57
69
119
123
368

14
植物学
56
77
125
110
368

15
植物学
72
66
116
109
363

16
植物学
53
76
126
105
360

17
植物学
63
75
123
98
359

18
植物学
55
61
136
107
359

19
植物学
59
79
122
98
358

20
植物学
58
76
114
109
357

21
植物学
54
56
120
127
357

22
植物学
69
75
119
93
356

23
植物学
60
72
109
111
352

1
动物学
63
76
134
117
390

2
动物学
54
75
120
109
358

1
微生物学
72
82
124
121
399

2
微生物学
65
79
127
112
383

3
微生物学
71
76
131
105
383

4
微生物学
70
79
128
105
382

5
微生物学
60
80
125
115
380

6
微生物学
61
80
122
115
378

7
微生物学
60
86
120
109
375

8
微生物学
52
79
125
119
375

9
微生物学
72
86
112
100
370

10
微生物学
66
72
136
96
370

11
微生物学
69
64
119
117
369

12
微生物学
68
68
120
108
364

13
微生物学
56
80
125
103
364

14
微生物学
62
73
118
110
363

15
微生物学
65
74
106
111
356

16
微生物学
64
67
125
98
354

17
微生物学
67
71
106
108
352

1
神经生物学
65
79
127
96
367

2
神经生物学
71
72
113
101
357

1
遗传学
67
83
127
131
408

2
遗传学
65
81
138
120
404

3
遗传学
62
81
119
125
387

4
遗传学
66
82
126
109
383

5
遗传学
64
77
123
118
382

6
遗传学
63
75
131
112
381

7
遗传学
59
81
121
119
380

8
遗传学
66
76
130
103
375

9
遗传学
75
79
125
95
374

10
遗传学
69
77
120
107
373

11
遗传学
59
77
120
114
370

12
遗传学
59
79
126
105
369

13
遗传学
60
76
126
104
366

14
遗传学
68
78
100
114
360

15
遗传学
71
76
119
94
360

16
遗传学
61
81
109
108
359

17
遗传学
62
71
109
116
358

18
遗传学
71
74
107
99
351

1
细胞生物学
85
76
125
129
415

2
细胞生物学
68
81
126
127
402

3
细胞生物学
64
84
120
114
382

4
细胞生物学
61
78
129
108
376

5
细胞生物学
65
80
114
115
374

6
细胞生物学
62
82
119
109
372

7
细胞生物学
60
71
120
117
368

8
细胞生物学
59
79
123
107
368

9
细胞生物学
73
63
129
102
367

10
细胞生物学
70
75
121
100
366

11
细胞生物学
56
79
121
106
362

12
细胞生物学
61
70
119
110
360

13
细胞生物学
62
75
124
98
359

14
细胞生物学
62
68
118
109
357

15
细胞生物学
57
74
120
103
354

1
生化与分子生物学
69
81
135
130
415

2
生化与分子生物学
72
85
131
123
411

3
生化与分子生物学
70
82
127
128
407

4
生化与分子生物学
64
85
122
129
400

5
生化与分子生物学
74
83
131
112
400

6
生化与分子生物学
65
86
134
114
399

7
生化与分子生物学
67
85
133
108
393

8
生化与分子生物学
73
79
120
120
392

9
生化与分子生物学
58
78
132
120
388

10
生化与分子生物学
73
76
118
112
379

11
生化与分子生物学
71
76
119
108
374

12
生化与分子生物学
69
77
125
102
373

13
生化与分子生物学
63
71
122
115
371

14
生化与分子生物学
59
80
128
103
370

15
生化与分子生物学
61
73
128
107
369

16
生化与分子生物学
63
70
119
115
367

17
生化与分子生物学
64
83
120
100
367

18
生化与分子生物学
59
73
118
114
364

19
生化与分子生物学
60
68
128
106
362

20
生化与分子生物学
66
73
113
109
361

21
生化与分子生物学
57
83
118
101
359

22
生化与分子生物学
63
72
127
96
358

23
生化与分子生物学
57
79
118
101
355

24
生化与分子生物学
62
75
115
102
354

25
生化与分子生物学
55
79
121
97
352

26
生化与分子生物学
65
79
92
115
351

27
生化与分子生物学
71
80
107
92
350

1
生物物理学
60
80
130
100
370

2
生物物理学
77
62
126
104
369

3
生物物理学
58
76
120
101
355

1
生态学
75
77
121
110
383

2
生态学
72
75
110
118
375

3
生态学
74
74
125
96
369

4
生态学
61
75
115
113
364

5
生态学
66
69
121
107
363

6
生态学
64
78
125
90
357

7
生态学
63
73
116
103
355

8
生态学
56
78
118
100
352

1
生物信息学
72
80
132
112
396

2
生物信息学
73
76
124
119
392

3
生物信息学
67
78
120
112
377

4
生物信息学
60
77
129
111
377

5
生物信息学
64
67
127
116
374

6
生物信息学
71
74
128
99
372

7
生物信息学
62
75
123
109
369

8
生物信息学
61
81
121
101
364

9
生物信息学
69
74
108
107
358

10
生物信息学
58
79
114
103
354


&nbsp;&nbsp;&nbsp; 