
&nbsp; 2005年辽宁省一本B段录取预测误差












校名
2005录取分数线
2005实际录取线差（录取分数-530）
高考前按3/8线差法估测的2005参考录取线差
2005年估测误差
校名
2005录取分数线
2005实际录取线差（录取分数-530）
高考前按3/8线差法估测的2005参考录取线差
2005年估测误差

广西医科大学
552
22
1 
-21 
东北林业大学
533
3
23 
20 

沈阳农业大学
522
64
60 
-4 
广西大学211
532
2
22 
20 

成都中医药大学
543
13
11 
-2 
江南大学211
550
20
40 
20 

福州大学211
548
18
19 
1 
新疆大学211
530
0
20 
20 

南昌大学211
546
16
17 
1 
中国地质大学（武汉）211
539
9
29 
20 

扬州大学
548
18
19 
1 
大庆石油学院（安达）
530
0
21 
21 

江西财经大学
547
17
22 
5 
西南师范大学
534
4
25 
21 

沈阳工业大学
527
69
74 
5 
哈尔滨医科大学
547
17
39 
22 

湖南中医学院
531
1
7 
6 
长春税务学院
541
11
34 
23 

太原理工大学211
548
18
24 
6 
中国矿业大学（北京）
549
19
42 
23 

辽宁工程技术大学
502
44
53 
9 
沈阳建筑大学（原建工学院）
530
0
24 
24 

湖北中医学院
530
0
10 
10 
大连轻工业学院
530
0
25 
25 

湘潭大学
545
15
25 
10 
东北农业大学211
530
0
26 
26 

燕山大学
546
16
26 
10 
宁波大学
537
7
33 
26 

云南大学211
538
8
19 
11 
陕西师范大学
534
4
31 
27 

石家庄铁道学院
537
7
19 
12 
华中师范大学
531
1
30 
29 

天津中医学院
540
10
22 
12 
沈阳航空工业学院
530
0
29 
29 

河北工业大学211
551
21
34 
13 
中国民用航空学院
548
18
47 
29 

黑龙江中医药大学
530
0
13 
13 
天津财经大学
556
26
57 
31 

陕西科技大学
530
0
13 
13 
天津医科大学
544
14
45 
31 

中国矿业大学（徐州）211
538
8
21 
13 
合肥工业大学
535
5
37 
32 

南京师范大学211
547
17
31 
14 
华南师范大学211
530
0
32 
32 

西安理工大学
547
17
31 
14 
上海中医药大学
530
0
32 
32 

东北电力学院（吉林市）
548
18
33 
15 
北京体育大学
538
8
41 
33 

湖北大学
530
0
15 
15 
大连外国语学院
540
10
44 
34 

辽宁中医学院
534
4
19 
15 
南京邮电学院
553
23
59 
36 

四川农业大学211
530
0
15 
15 
武汉科技大学
530
0
37 
37 

长安大学211
542
12
28 
16 
西北大学211
530
0
40 
40 

南京工业大学
546
16
32 
16 
首都师范大学
532
2
51 
49 

内蒙古大学（呼和浩特）211
530
0
17 
17 
中国地质大学（北京）
530
0
51 
51 

长春理工大学
530
0
18 
18 
北京林业大学211
540
10
64 
54 

中国石油大学(华东)211
544
14
32 
18 
上海理工大学
545
15
72 
57 

西南农业大学
530
0
18 
18 
北京工商大学
550
20
79 
59 

西安邮电学院
541
11
30 
19 
　
　
　
　
　