
2005年辽宁省一本A段录取预测误差












校名
2005录取分数线
2005实际录取线差（录取分数-530）
高考前按3/8线差法估测的2005参考录取线差
2005年估测误差
校名
2005录取分数线
2005实际录取线差（录取分数-530）
高考前按3/8线差法估测的2005参考录取线差
2005年估测误差

重庆大学985
568
38
31 
-7 

天津大学985
598
68
83 
15 

江苏大学
557
27
26 
-1 

武汉大学985
592
62
77 
15 

哈尔滨工业大学威海分校
558
28
29 
1 
西安电子科技大学211
559
29
44 
15 

中国传媒大学（北广）
576
46
47 
1 
浙江大学985
610
80
95 
15 

华南理工大学985
577
47
49 
2 
中国民用航空飞行学院（广汉）
535
5
20 
15 

中央民族大学211
567
37
39 
2 
中南大学985
557
27
42 
15 

河海大学211
560
30
33 
3 
北京邮电大学211
591
61
78 
17 

中南财经政法大学
572
42
45 
3 
对外经济贸易大学211
597
67
84 
17 

东南大学985
591
61
65 
4 
湖南大学985
553
23
40 
17 

哈尔滨工程大学211
562
32
36 
4 
东北师范大学211
555
25
43 
18 

西安建筑科技大学
554
24
28 
4 
华北电力大学（北京）
561
31
49 
18 

郑州大学211
556
26
30 
4 
沈阳药科大学
550
20
38 
18 

中国科学技术大学985
617
87
91 
4 
中国海洋大学985
560
30
48 
18 

上海外国语大学211
592
62
68 
6 
北京大学985
634
104
124 
20 

深圳大学
556
26
32 
6 
同济大学985
596
66
86 
20 

西南政法大学
564
34
41 
7 
暨南大学211
545
15
36 
21 

北京师范大学985
603
73
81 
8 
清华大学985
637
107
129 
22 

华北电力大学（保定）
562
32
40 
8 
上海交通大学985
607
77
99 
22 

电子科技大学985
568
38
47 
9 
中国药科大学211
561
31
53 
22 

西北工业大学985
562
32
41 
9 
南开大学985
600
70
93 
23 

西北农林科技大学（杨凌）
536
6
15 
9 
厦门大学985
577
47
70 
23 

北京第二外国语学院
584
54
64 
10 
中国政法大学
585
55
78 
23 

哈尔滨工程大学211（中英联办）
530
0
10 
10 
辽宁大学211
537
7
31 
24 

中央财经大学
601
71
81 
10 
北京外国语大学211
589
59
85 
26 

北京大学医学部211
625
95
106 
11 
上海对外贸易学院
552
22
49 
27 

哈尔滨工业大学985
589
59
70 
11 
四川大学985
552
22
49 
27 

南京理工大学211
562
32
43 
11 
东北大学985
559
29
57 
28 

上海财经大学211
604
74
85 
11 
大连理工大学985
558
28
58 
30 

中国农业大学211
566
36
47 
11 
东华大学211
542
12
42 
30 

北京语言大学
582
52
64 
12 
复旦大学985
603
73
104 
31 

华东政法学院
569
39
51 
12 
中国医科大学
547
17
49 
32 

南京大学985
600
70
82 
12 
北京航空航天大学985
583
53
86 
33 

山东大学威海分校
545
15
27 
12 
北京科技大学211
555
25
58 
33 

西安交通大学985
587
57
69 
12 
大连海事大学211
550
20
54 
34 

武汉理工大学211
550
20
33 
13 
中国人民大学985
595
65
101 
36 

大连医科大学
556
26
40 
14 
石油大学（北京）
531
1
38 
37 

兰州大学985
553
23
37 
14 
山东大学985
552
22
64 
42 

南京信息工程大学
542
12
26 
14 
中山大学985
547
17
60 
43 

西南财经大学211
558
28
42 
14 
华东理工大学211
542
12
59 
47 

西南交通大学211
552
22
36 
14 
北京化工大学211
530
0
49 
49 

北京中医药大学211
555
25
40 
15 
吉林大学985
530
0
54 
54 

东北财经大学
560
30
45 
15 
北京交通大学211
530
0
67 
67 

华中科技大学985
586
56
71 
15 
华东师范大学211
530
0
67 
67 

南京航空航天大学211
562
32
47 
15 
北京理工大学985
530
0
69 
69 

南京农业大学211
544
14
29 
15 
　
　
　
　
　