
&nbsp;





学科门类 

政治 

外语 

业务课1 

业务课2 

总分 


哲学[01] 
50 
50 
85 
85 
325 

经济学[02] 
60 
60 
90 
90 
365 

法学[03]（不含[0301]) 
55 
55 
85 
85 
335 

法学[0301]（不含法律硕士专业 [030180]) 
55 
55 
90 
90 
350 

法律硕士[030180] 
60 
60 
90 
90 
350 

教育学[04]（不含[0403]） 
55 
55 
90 
90 
330 

体育学[0403] 
47 
47 
71 
71 
310 

文学[05](不含音乐学[050402]、美术学[050403]和设计艺术学[050404]） 
55 
55 
90 
90 
345 

艺术学[0504]（不含艺术学[050401]和戏剧戏曲学[050405]） 
47 
47 
85 
85 
320 

历史学[06] 
55 
55 
90 
90 
330 

理学[07] 
48 
48 
75 
75 
310 

工学[08] 
48 
48 
80 
80 
315 

管理学[12]（不含[1204]，不含MBA[120280]) 
60 
60 
90 
90 
355 

管理学[1204] 
55 
55 
85 
85 
336 

工商管理硕士（MBA)[120280]a线 

60 
120（综合能力） 
195 

工商管理硕士（MBA)[120280]b线 

55 
110（综合能力） 
180 

单考经济类[02] 
50 
50 
80 
80 
330 

单考文学类[05]（不含[0504]) 
50 
50 
80 
80 
330 

单考艺术类[0504] 
45 
45 
75 
75 
315 

单考教育类[04] 
50 
50 
75 
75 
315 

单考理工类[07]、[08] 
50 
50 
75 
75 
325 




注： 

1、享受少数民族政策的考生：在相应的专业分数线中单科降低5分，总分降低20分；享受少数民族政策的考生是指:(1)报考地处重庆、四川、陕西、内蒙古、广西、贵州、云南、西藏、甘肃、青海、宁夏、新疆地区招生单位，且毕业后原则上在招生单位所在省（区）就业的少数民族应届毕业生考生；或者（２）工作单位在国务院公布的民族自治地方，即５个自治区、３０个自治州、１１９个自治县（旗），并报考为原单位定向或委托培养的少数民族在职人员考生。 


2、少数民族高层次骨干人才计划执行教育部相关分数线。 

3、关于工商管理硕士a线、b线的说明： 

1）、满足a线的考生全部具有复试资格； 

2）、满足b线的考生同时需达到以下条件之一者方可向我校管理学院提出复试申请：A、从事管理工作3年以上且有突出业绩者，并需要提交经公司负责人签字确认并加盖公司公章的业绩报告及主管领导推荐信；B、在大中型企业担任中层以上管理职务者，并需要提交单位人力资源部门任命文件或证明及本人职务描述；C、获地市级以上奖励或表彰者，并需要提交奖励证书或奖状等复印件（复试时带原件）；D、本人创业且公司具有一定规模者，并需要提交公司年审报表（最近一年）和营业执照复印件。复试领导小组将根据b线考生的申请资料集体研究后择优给予复式资格。申请截止日期：3月24日，逾期不候。 


郑重声明：b线考生必须承诺自己的申请材料真实可靠。一旦发现考生弄虚作假，我校将根据相关规定从严处罚。由此产生的一切后果由考生本人承担。 
