
　　相关阅读：中国人民大学2005统/联考硕士生复试分数线



学科门类 
一级学科 
分数（政治，外语，专一，专二） 
总分 

01 
哲学 

60,55,90,90 
350 

02 
经济学 

60,60,90,90 
355 

03 
法学 

60,60,90,90 
360 

04 
教育学 

60,60,90,90 
350 

05 
文学 

60,60,90,90 
350 

0504 
文学 
艺术学 
60,50,90,90 
340 

06 
历史学 

60,55,90,90 
350 

07 
理学 

60,50,90,90 
320 

08 
工学 

60,50,90,90 
320 

12 
管理学 

60,60,90,90 
365 


法律硕士 

60,60,90,90 
355 


MBA 

115,55 
190 
　　各院系可根据生源情况上调分数线，详情请见各院系复试办法。
　　各院系复试名单及复试办法于3月18日在网上公布，3月20日请考生在网上自行下载复试通知书。
　　向外校调剂工作待教育部公布全国复试分数线后进行，大约在3月底或4月初考生在网上提交申请。