&gt;&gt;&gt;东南大学2006年硕士研究生复试录取工作办法 




(专业) 
甲类考生 * 
乙类考生 * 
丙类考生* 
备注 

总分 
政治 
外语 
业务 1 
业务2 
总分 
政治 
外语 
业务1 
业务2 
总分 
政治 
外语 
业务1 
业务2 
*甲类考生： 
报考地处北京、天津、河北、山西、辽宁、吉林、黑龙江、上海、江苏、浙江、安徽、福建、江西、山东、河南、湖北、湖南、广东、海南19省（市）招生单位的考生。 
*乙类考生 ：目前在重庆、四川、陕西3省（市）工作且定向或委托培养回原单位的考生。 *丙类考生： 
目前在内蒙、广西、贵州、云南、西藏、甘肃、青海、宁夏、新疆9省（区）工作且定向或委托培养回原单位的考生。 *享受少数民族政策考生： 
工作单位在国务院公布的民族自治地方，即5个自治区、30个自治州、119自治县（旗），并报考为原单位定向或委托培养的少数民族在职人员考生。 
*工商管理硕士（MBA）: 本科毕业后有八年以上工作经验，单科（限一门）可降低5分。 *参加统考的考生（不含工商管理硕士）： 
总分超过分数线20分以上，单科（限一门）可降2分。 *单考考生（包含强军）： 复试基本要求可咨询报考院系。 

哲学[01] 
320 
50 
50 
75 
75 
317 
47 
47 
72 
72 
315 
45 
45 
70 
70 

经济学[02] 
340 
55 
55 
83 
83 
337 
52 
52 
80 
80 
335 
50 
50 
78 
78 

法学[03](不含法律硕士专业[030180]) 
320 
52 
52 
78 
78 
317 
49 
49 
75 
75 
315 
47 
47 
73 
73 

教育学[04](不含体育学[0403]) 
310 
50 
50 
75 
75 
307 
47 
47 
72 
72 
305 
45 
45 
70 
70 

文学[05](不含艺术学[0504]) 
330 
53 
53 
80 
80 
327 
50 
50 
77 
77 
325 
48 
48 
75 
75 

历史学[06] 
















理学[07] 
310 
50 
50 
75 
75 
307 
47 
47 
72 
72 
305 
45 
45 
70 
70 

工学[08] 
320 
53 
53 
80 
80 
317 
50 
50 
77 
77 
315 
48 
48 
75 
75 

农学[09] 
















医学[10](不含中医学[1005]) 
310 
50 
50 
75 
75 
307 
47 
47 
72 
72 
305 
45 
45 
70 
70 

军事学[11] 
















管理学[12](不含MBA专业[120280]) 
340 
55 
55 
83 
83 
337 
52 
52 
80 
80 
335 
50 
50 
78 
78 

体育学[0403] 
310 
50 
50 
75 
75 
307 
47 
47 
72 
72 
305 
45 
45 
70 
70 

艺术学[0504] 
310 
50 
50 
75 
75 
307 
47 
47 
72 
72 
305 
45 
45 
70 
70 

中医学[1005] 
310 
50 
50 
75 
75 
307 
47 
47 
72 
72 
305 
45 
45 
70 
70 

法律硕士[030180] 
















工商管理硕士(MBA[120280])* 
165 
104 
52 


162 
101 
49 


160 
99 
47 



享受少数民族政策的考生* 










290 
45 
45 
68 
68 
东南大学2005硕士研究生入学复试分数线公布 