&nbsp&nbsp&nbsp&nbsp本公司及董事会全体成员保证公告内容真实、准确和完整，没有虚假记载、误导性陈述或重大遗漏。
&nbsp&nbsp&nbsp&nbsp2006 年4 月28 日，公司在《证券时报》和《巨潮资讯网》上刊登2005 年年度报告全文和审计报告。因工作人员工作失误，将资产负债表、资产负债表(续)和利润分配表中部分数据录入错误。现予以更正。将原资产负债表、资产负债表(续)和利润分配表：
&nbsp&nbsp&nbsp&nbsp资产负债表
&nbsp&nbsp&nbsp&nbsp会企01 表
&nbsp&nbsp&nbsp&nbsp编制单位：洛阳春都食品股份有限公司 2005 年12 月31 日
&nbsp&nbsp&nbsp&nbsp单位：人民币元

                                                                 合并数                         母公司数
    资产                        注释   行次           期末数           期初数           期末数           期初数
    流动资产：
    货币资金                    五.1      1    18,967,074.06    25,205,245.64    14,892,571.95    11,839,207.69
    短期投资                              2
    应收票据                              3
    应收股利                              4
    应收利息                              5
    应收帐款                    五.2      6    19,171,411.17    23,755,243.54    18,458,762.54    24,416,547.30
    其他应收款                  五.3      7    41,253,866.25    87,611,220.11    62,429,742.70   100,211,121.06
    预付帐款                    五.4      8     1,987,502.74       987,187.25     1,197,743.90       986,287.25
    应收补贴款                            9
    存货                        五.5     10    24,198,990.34    28,523,973.27    20,638,682.85    28,368,394.25
    待摊费用                    五.6     11        75,532.96       298,875.89        56,403.33        88,815.95
    一年内到期的长期债权投资             21
    其他流动资产                         24
    流动资产合计                         31   105,654,377.52   166,381,745.70   117,673,907.27   165,910,373.50
    长期投资：
    长期股权投资                五.7     32    16,019,964.56    16,711,992.65    27,971,704.22    31,211,680.15
    其中：合并价差                       33
    其中：股权投资差额                   34
    长期债权投资                         35
    长期投资合计                五.7     38    16,019,964.56    16,711,992.65    27,971,704.22    31,211,680.15
    固定资产：
    固定资产原价                五.8     39   305,998,821.28   318,748,770.12   296,686,526.65   292,844,146.21
    减：累计折旧                五.8     40   123,226,789.35   110,125,989.14   120,072,293.50   108,134,000.22
    固定资产净值                五.8     41   182,772,031.93   208,622,780.98   176,614,233.15   184,710,145.99
    减：固定资产减值准备        五.8     42   101,127,018.98   101,131,313.97   101,127,018.98   101,131,313.97
    固定资产净额                五.8     43    81,645,012.95   107,491,467.01    75,487,214.17    83,578,832.02
    工程物资                             44
    在建工程                    五.9     45    24,565,190.01     5,149,331.92    24,565,190.01     5,149,331.92
    固定资产清理                         46
    固定资产合计                         50   106,210,202.96   112,640,798.93   100,052,404.18    88,728,163.94
    无形资产及其他资产：
    无形资产                   五.10     51    48,002,452.86    16,017,044.50    14,563,251.46    16,017,044.50
    长期待摊费用               五.11     52       107,351.40
    其他长期资产                         53
    无形资产及其他资产合计               60    48,002,452.86    16,124,395.90    14,563,251.46    16,017,044.50
    递延税项：
    递延税款借项                         61
    资产总计                             67   275,886,997.90   311,858,933.18   260,261,267.13   301,867,262.09

&nbsp&nbsp&nbsp&nbsp公司负责人: 主管财务工作负责人： 会计机构负责人:
&nbsp&nbsp&nbsp&nbsp资 产 负 债 表 (续)
&nbsp&nbsp&nbsp&nbsp会企01 表
&nbsp&nbsp&nbsp&nbsp编制单位：洛阳春都食品股份有限公司 2005 年12 月31 日 单位：人民币元

                                                              合并数                             母公司数
    资产                    注释   行次            期末数            期初数            期末数            期初数
    流动负债：
    短期借款               五.12     68     12,480,000.00      1,000,000.00
    应付票据               五.13     69        845,000.00        850,000.00        845,000.00        850,000.00
    应付帐款               五.14     70     38,067,607.80     33,196,367.21     36,696,681.75     32,074,579.84
    预收帐款               五.15     71      7,107,531.17      5,833,910.46      7,096,071.17      5,826,413.61
    应付工资               五.16     72      9,240,078.45      9,179,706.96      9,135,591.45      9,017,599.53
    应付福利费                       73      3,240,789.48      3,385,569.80      3,092,029.95      3,319,957.24
    应付股利                         74
    应交税金               五.17     75        885,295.07      2,435,978.98      1,416,349.49      2,606,494.72
    其他应交款             五.18     80        415,346.19        433,610.68        415,340.65        433,325.68
    其他应付款             五.19     81    136,755,063.83    137,263,397.59    135,840,956.71    133,156,667.36
    预提费用               五.20     82      3,029,328.74      1,797,926.49      3,008,773.65      1,731,566.49
    预计负债                         83
    一年内到期的长期负债             86
    其他流动负债                     90
    流动负债合计                    100    212,066,040.73    195,376,468.17    197,546,794.82    189,016,604.47
    长期负债：
    长期借款                        101
    长期应付款                      106
    应付债券                        102
    专项应付款                      103
    其他长期负债                    108
    长期负债合计                    110
    递延税项：
    递延税款贷项                    111
    负债合计                        114    212,066,040.73    195,376,468.17    197,546,794.82    189,016,604.47
    少数股东权益                               877,040.59      1,351,480.33
    股东权益：
    股本                   五.21    115    160,000,000.00    160,000,000.00    160,000,000.00    160,000,000.00
    减：已归还投资         五.21    116
    股本净额               五.21    117    160,000,000.00    160,000,000.00    160,000,000.00    160,000,000.00
    资本公积               五.22    118    442,511,764.95    442,216,550.90    442,511,764.95    442,216,550.90
    盈余公积               五.23    119     12,246,126.18     12,246,126.18     12,246,126.18     12,246,126.18
    其中：法定公益金       五.23    120                        6,123,063.09                        6,123,063.09
    未分配利润             五.24    121   -551,813,974.55   -499,331,692.40   -552,043,418.82   -501,612,019.46
    股东权益合计                    122     62,943,916.58    115,130,984.68     62,714,472.31    112,850,657.62
    负债和股东权益总计              135    275,886,997.90    311,858,933.18    260,261,267.13    301,867,262.09

&nbsp&nbsp&nbsp&nbsp公司负责人: 主管财务工作负责人： 会计机构负责人:
&nbsp&nbsp&nbsp&nbsp利 润 分 配 表
&nbsp&nbsp&nbsp&nbsp编制单位:洛阳春都食品股份有限公司 2005 年1-12 月 单位:人民币元
&nbsp&nbsp&nbsp&nbsp合并数 母公司数

    项目                      注释   行次        本期累计数        上年同期数        本期累计数        上年同期数
    五、净利润               五.24     19    -52,482,282.15    -83,365,549.22    -50,431,399.36    -85,538,567.09
    加：年初未分配利润       五.24     20   -499,331,692.40   -415,966,143.18   -501,612,019.46   -416,073,452.37
    盈余公积转入                       21
    六、可供分配的利润       五.24     22   -551,813,974.55   -499,331,692.40   -552,043,418.82   -501,612,019.46
    减：提取法定盈余公积               23
    提取法定公益金                     24
    七、可供股东分配的利润   五.24     25   -551,813,974.55   -499,331,692.40   -552,043,418.82   -501,612,019.46
    减：应付优先股股利                 26
    提取任意盈余公积                   27
    应付普通股股利                     28
    转作股本的普通股股利               29
    八、未分配利润           五.24     30   -551,813,974.55   -499,331,692.40   -552,043,418.82   -501,612,019.46

&nbsp&nbsp&nbsp&nbsp更正为：
&nbsp&nbsp&nbsp&nbsp资 产 负 债 表
&nbsp&nbsp&nbsp&nbsp编制单位：洛阳春都食品股份有限公司 2005 年12 月31 日 单位：人民币元

                                                                 合并数                           母公司数
    资产                        注释   行次           期末数           期初数           期末数           期初数
    流动资产：
    货币资金                    五.1      1    18,967,074.06    25,205,245.64    14,892,571.95    11,839,207.69
    短期投资                              2
    应收票据                              3
    应收股利                              4
    应收利息                              5
    应收帐款                    五.2      6    19,171,411.17    23,755,243.54    18,458,762.54    24,416,547.30
    其他应收款                  五.3      7    41,253,866.25    68,611,220.11    62,429,742.70    81,211,121.06
    预付帐款                    五.4      8     1,987,502.74       987,187.25     1,197,743.90       986,287.25
    应收补贴款                            9
    存货                        五.5     10    24,198,990.34    28,523,973.27    20,638,682.85    28,368,394.25
    待摊费用                    五.6     11        75,532.96       298,875.89        56,403.33        88,815.95
    一年内到期的长期债权投资             21
    其他流动资产                         24
    流动资产合计                         31   105,654,377.52   147,381,745.70   117,673,907.27   146,910,373.50
    长期投资：
    长期股权投资                五.7     32    16,019,964.56    16,711,992.65    27,971,704.22    31,211,680.15
    其中：合并价差                       33
    其中：股权投资差额                   34
    长期债权投资                         35
    长期投资合计                五.7     38    16,019,964.56    16,711,992.65    27,971,704.22    31,211,680.15
    固定资产：
    固定资产原价                五.8     39   305,998,821.28   318,748,770.12   296,686,526.65   292,844,146.21
    减：累计折旧                五.8     40   123,226,789.35   110,125,989.14   120,072,293.50   108,134,000.22
    固定资产净值                五.8     41   182,772,031.93   208,622,780.98   176,614,233.15   184,710,145.99
    减：固定资产减值准备        五.8     42   101,127,018.98   101,131,313.97   101,127,018.98   101,131,313.97
    固定资产净额                五.8     43    81,645,012.95   107,491,467.01    75,487,214.17    83,578,832.02
    工程物资                             44
    在建工程                    五.9     45     5,565,190.01     5,149,331.92     5,565,190.01     5,149,331.92
    固定资产清理                         46
    固定资产合计                         50    87,210,202.96   112,640,798.93    81,052,404.18    88,728,163.94
    无形资产及其他资产：
    无形资产                   五.10     51    48,002,452.86    16,017,044.50    14,563,251.46    16,017,044.50
    长期待摊费用               五.11     52                        107,351.40
    其他长期资产                         53
    无形资产及其他资产合计               60    48,002,452.86    16,124,395.90    14,563,251.46    16,017,044.50
    递延税项：
    递延税款借项                         61
    资产总计                             67   256,886,997.90   292,858,933.18   241,261,267.13   282,867,262.09

&nbsp&nbsp&nbsp&nbsp资 产 负 债 表 (续)
&nbsp&nbsp&nbsp&nbsp编制单位：洛阳春都食品股份有限公司 2005 年12 月31 日 单位：人民币元

                                                               合并数                           母公司数
    资产                    注释   行次            期末数            期初数            期末数            期初数
    流动负债：
    短期借款               五.12     68     12,480,000.00      1,000,000.00
    应付票据               五.13     69        845,000.00        850,000.00        845,000.00        850,000.00
    应付帐款               五.14     70     38,067,607.80     33,196,367.21     36,696,681.75     32,074,579.84
    预收帐款               五.15     71      7,107,531.17      5,833,910.46      7,096,071.17      5,826,413.61
    应付工资               五.16     72      9,240,078.45      9,179,706.96      9,135,591.45      9,017,599.53
    应付福利费                       73      3,240,789.48      3,385,569.80      3,092,029.95      3,319,957.24
    应付股利                         74
    应交税金               五.17     75        885,295.07      2,435,978.98      1,416,349.49      2,606,494.72
    其他应交款             五.18     80        415,346.19        433,610.68        415,340.65        433,325.68
    其他应付款             五.19     81    136,755,063.83    137,263,397.59    135,840,956.71    133,156,667.36
    预提费用               五.20     82      3,029,328.74      1,797,926.49      3,008,773.65      1,731,566.49
    预计负债                         83
    一年内到期的长期负债             86
    其他流动负债                     90
    流动负债合计                    100    212,066,040.73    195,376,468.17    197,546,794.82    189,016,604.47
    长期负债：
    长期借款                        101
    长期应付款                      106
    应付债券                        102
    专项应付款                      103
    其他长期负债                    108
    长期负债合计                    110
    递延税项：
    递延税款贷项                    111
    负债合计                        114    212,066,040.73    195,376,468.17    197,546,794.82    189,016,604.47
    少数股东权益                               877,040.59      1,351,480.33
    股东权益：
    股本                   五.21    115    160,000,000.00    160,000,000.00    160,000,000.00    160,000,000.00
    减：已归还投资         五.21    116
    股本净额               五.21    117    160,000,000.00    160,000,000.00    160,000,000.00    160,000,000.00
    资本公积               五.22    118    442,511,764.95    442,216,550.90    442,511,764.95    442,216,550.90
    盈余公积               五.23    119     12,246,126.18     12,246,126.18     12,246,126.18     12,246,126.18
    其中：法定公益金       五.23    120      6,123,063.09      6,123,063.09      6,123,063.09      6,123,063.09
    未分配利润             五.24    121   -570,813,974.55   -518,331,692.40   -571,043,418.82   -520,612,019.46
    股东权益合计                    122     43,943,916.58     96,130,984.68     43,714,472.31     93,850,657.62
    负债和股东权益总计              135    256,886,997.90    292,858,933.18    241,261,267.13    282,867,262.09

&nbsp&nbsp&nbsp&nbsp公司负责人: 主管财务工作负责人： 会计机构负责人:
&nbsp&nbsp&nbsp&nbsp利 润 分 配 表
&nbsp&nbsp&nbsp&nbsp编制单位:洛阳春都食品股份有限公司 2005 年1-12 月 单位:人民币元

                                                            合并数                              母公司数
    项目                      注释   行次        本期累计数        上年同期数        本期累计数        上年同期数
    五、净利润               五.24     19    -52,482,282.15    -83,365,549.22    -50,431,399.36    -85,538,567.09
    加：年初未分配利润       五.24     20   -518,331,692.40   -434,966,143.18   -520,612,019.46   -435,073,452.37
    盈余公积转入                       21
    六、可供分配的利润       五.24     22   -570,813,974.55   -518,331,692.40   -571,043,418.82   -520,612,019.46
    减：提取法定盈余公积               23
    提取法定公益金                     24
    七、可供股东分配的利润   五.24     25   -570,813,974.55   -518,331,692.40   -571,043,418.82   -520,612,019.46
    减：应付优先股股利                 26
    提取任意盈余公积                   27
    应付普通股股利                     28
    转作股本的普通股股利               29
    八、未分配利润           五.24     30   -570,813,974.55   -518,331,692.40   -571,043,418.82   -520,612,019.46

&nbsp&nbsp&nbsp&nbsp洛阳春都食品股份有限公司
&nbsp&nbsp&nbsp&nbsp董 事 会
&nbsp&nbsp&nbsp&nbsp二OO 六年五月八日