名称         债券 发行日期 到期日期 总额     利率   价格     收益率(％)
             类别                   亿元      ％    (元)   (单利)  (复利)
05京能(1)    附息 20050706 20100705  15      4.80  108.90   3.712   3.520
05国航债     附息 20050907 20150906  30      4.50  108.00   4.469   3.850
06大唐债     附息 20060216 20260215  20      4.20  102.90   5.639   4.053
05铁通债     附息 20050818 20150817  10      4.60  109.00   4.474   3.859
06冀建投     附息 20060328 20260327  10      4.18  102.30   5.634   4.044
98三峡(8)    附息 19990118 20070117  10      6.20  104.13   2.868   2.868
98中信(7)    附息 19990616 20060615   7      5.48  105.11   3.473   3.473
98石油债     附息 19990908 20070907  13.5    4.50  105.46   2.598   2.587
98中铁(3)    附息 19991013 20091012  24      4.50  105.45   3.738   3.585
01广核债     附息 20011211 20081210  25      4.12  103.45   3.478   3.389
02金茂债     附息 20020428 20120428  10      4.22  102.51   4.117   3.767
01三峡债     附息 20011108 20161108  30      5.21  112.80   4.753   3.999
02电网15     附息 20020619 20170618  35      4.86  106.00   5.775   4.661
02三峡债     附息 20020920 20220920  50      4.76  111.00   5.372   4.080
02中移(5)    附息 20021028 20071028  30      3.50  102.80   2.842   2.823
02中移(15)   附息 20021028 20171028  50      4.50  107.90   4.690   3.892
02武钢(7)    附息 20021105 20091104  15      4.02  103.22   3.811   3.648
02渝城投     附息 20021209 20121209  15      4.32  104.70   4.212   3.809
02苏交通     附息 20021212 20171211  15      4.51  106.70   4.819   3.975
03浦发债     附息 20030113 20130112  15      4.29  104.10   4.227   3.815
03沪杭甬     附息 20030124 20130123  10      4.29  103.60   4.309   3.880
03中铁债     附息 20030825 20210824  30      4.63  108.80   5.371   4.133
03石油债     附息 20031028 20131027  15      4.11  103.13   4.465   3.957
03苏交通     附息 20031121 20131120  18      4.61  106.60   4.408   3.911
03中电投     附息 20031208 20181207  30      5.02  110.44   5.153   4.152
03电网(1)    附息 20031231 20131230  30      4.61  106.22   4.404   3.901
04中石化     附息 20040224 20140223  35      4.61  105.61   4.416   3.901
04南网(2)    附息 20040917 20190916  20      5.60  100.00   8.270   5.994
04南网(1)    附息 20040917 20140916  10      5.30  112.05   4.654   4.055
04国电(1)    附息 20040922 20140921  24.44   5.30  113.88   4.327   3.801
04华电1      附息 20040929 20140928  29.8    5.40  113.80   4.458   3.903
05华电债     附息 20050630 20150629  20      4.98  111.50   4.672   4.018
05渝水务     附息 20050426 20150425  17      5.05  109.00   4.457   3.866
05大唐债     附息 20050429 20200428  30      5.28  114.72   4.890   3.906
05苏园建     附息 20050519 20150518  12      5.05  113.00   4.594   3.966
05闽高速     附息 20050610 20150609  20      5.05  115.00   4.226   3.683
05杭城建     附息 20050620 20150619  10      5.02  112.98   4.498   3.888
05粤交通     附息 20050629 20200628  15      5.30  119.00   4.963   3.946
05华能债     附息 20050705 20150704  20      5.02  112.00   4.635   3.989
05国网(1)    附息 20050708 20150707  30      4.98  111.00   4.743   4.069
05中电投     附息 20050712 20150711  20      4.98  112.00   4.566   3.936
05沪建(1)    附息 20050727 20150726  20      4.98  110.99   4.710   4.042
05沪建(2)    附息 20050727 20200726  10      5.18  119.00   4.746   3.799
05中核(1)    附息 20050722 20150721  10      4.98  111.25   4.675   4.016
05铁道债     附息 20050729 20200728  50      4.85  114.00   4.906   3.899
05世博债     附息 20051228 20121227  15      4.00  103.20   4.079   3.695
