名称         债券 发行日期 到期日期 总额     利率   价格     收益率(％)
             类别                   亿元      ％    (元)   (单利)  (复利)
05国债(11)   附息 20051020 20101020 333.5    2.14   98.73   2.859   2.728
国债0511     附息 20051020 20101020 333.5    2.14  101.18   2.216   2.137
05国债(12)   附息 20051115 20201115 344.1    3.65  104.65   4.186   3.395
国债0512     附息 20051115 20201115 344.1    3.65  101.75   4.574   3.649
05国债(9)    附息 20050825 20120825 319.4    2.83  101.50   3.141   2.914
国债0509     附息 20050825 20120825 319.4    2.83  101.99   3.042   2.828
国债0513     附息 20051125 20121125 328.4    3.01  101.36   3.260   3.007
06国债(3)    附息 20060327 20160327 340      2.80   98.48   3.431   3.017
国债0603     附息 20060327 20160327 340      2.80  100.33   3.152   2.799
05国债(14)   附息 20051215 20071215 333.9    1.75  100.06   2.168   2.155
国债0514     附息 20051215 20071215 333.9    1.75  100.70   1.754   1.745
06国债(1)    附息 20060227 20130227 330      2.51   99.09   2.956   2.736
国债0601     附息 20060227 20130227 330      2.51  100.49   2.692   2.508
06国债(2)    贴现 20060316 20060616 330      0.00  100.00   0.000   0.000
国债0602     贴现 20060316 20060616 330      0.00   99.67   3.180   3.226
96国债(6)    附息 19960614 20060614 255.3   11.83  112.26  -3.884  -3.923
97国债(4)    附息 19970905 20070905 130      9.78  118.03   1.043   1.043
99国债(5)    附息 19990820 20070820 160      3.28  104.12   1.874   1.873
99国债(8)    附息 19990923 20090923 200      3.30  103.83   2.828   2.743
20国债(4)    附息 20000523 20100523 140      2.87  103.03   2.916   2.798
国债905      附息 20001114 20071114 120      2.63  100.32   3.300   3.273
国债966      附息 19960614 20060614 255.3   11.83  113.26 -12.801 -12.410
国债995      附息 19990820 20070820 160      3.28  103.72   2.189   2.188
国债998      附息 19990923 20090923 200      3.30  103.36   2.985   2.890
国债904      附息 20000523 20100523 140      2.87  103.06   2.908   2.790
21国债(10)   附息 20010925 20110925 200      2.95  101.43   3.230   3.029
国债0115     附息 20011218 20081218 200      3.00  101.78   2.810   2.750
05国债(10)   贴现 20050915 20060915 331.7    0.00   99.30   1.995   2.007
国债0510     贴现 20050915 20060915 331.7    0.00   98.87   3.234   3.268
国债0203     附息 20020418 20120418 200      2.54   96.94   3.385   3.139
21国债(12)   附息 20011030 20111030 200      3.05  101.71   3.229   3.025
国债917      附息 20010731 20210731 240      4.26  109.45   4.721   3.555
21国债(15)   附息 20011218 20081218 200      3.00  102.23   2.623   2.570
21国债(7)    附息 20010731 20210731 240      4.26  109.94   4.657   3.515
20国债(10)   附息 20001114 20071114 120      2.63  102.02   2.128   2.117
国债973      附息 19970905 20070905 130      9.78  117.49   1.417   1.417
国债912      附息 20011030 20111030 200      3.05  101.50   3.277   3.067
02国债(3)    附息 20020418 20120418 200      2.54   97.05   3.360   3.118
国债903      附息 20010424 20080424 120      3.27  101.55   2.549   2.519
21国债(3)    附息 20010424 20080424 120      3.27  101.98   2.319   2.295
国债0210     附息 20020816 20090816 200      2.39  100.07   3.028   2.931
02国债(10)   附息 20020816 20090816 200      2.39  100.55   2.861   2.774
国债0213     附息 20020920 20170920 240      2.60   93.38   4.149   3.345
02国债(13)   附息 20020920 20170920 240      2.60   93.56   4.122   3.325
02国债(14)   附息 20021024 20071024 224      2.65  102.13   2.164   2.153
国债0214     附息 20021024 20071024 224      2.65  102.56   1.862   1.854
国债0215     附息 20021206 20091206 340      2.93  102.54   2.624   2.542
国债0307     附息 20030820 20100820 360      2.66  101.70   2.831   2.711
03国债(7)    附息 20030820 20100820 360      2.66  102.64   2.577   2.476
国债0301     附息 20030219 20100219 350      2.66  100.27   2.848   2.744
03国债(1)    附息 20030219 20100219 350      2.66  101.55   2.465   2.386
03国债(3)    附息 20030417 20230417 260      3.40   99.02   4.501   3.496
国债0303     附息 20030417 20230417 260      3.40   99.00   4.504   3.497
03国债(8)    附息 20030917 20130917 163.8    3.02  101.07   3.470   3.152
国债0308     附息 20030917 20130917 163.8    3.02  101.23   3.441   3.127
03国债(11)   附息 20031119 20101119 310      3.50  105.64   2.665   2.551
国债0311     附息 20031119 20101119 310      3.50  105.64   2.665   2.551
06国债(4)    附息 20060417 20090417 309.6    2.12  100.13   2.162   2.117
国债0604     附息 20060417 20090417 309.6    2.12  100.13   2.162   2.117
04国债(3)    附息 20040420 20090420 304.6    4.42  106.88   2.111   2.069
04国债(4)    附息 20040525 20110525 367.5    4.89  115.97   2.600   2.478
04国债(5)    贴现 20040615 20060615 332.3    0.00   99.82   1.779   1.793
国债0405     贴现 20040615 20060615 332.3    0.00   99.84   1.581   1.592
04国债(7)    附息 20040825 20110825 312.9    4.71  113.82   2.699   2.560
国债0407     附息 20040825 20110825 312.9    4.71  113.02   2.870   2.714
国债0408     附息 20041020 20091020 336.1    4.30  108.27   2.563   2.487
04国债(8)    附息 20041020 20091020 336.1    4.30  109.41   2.212   2.154
04国债(10)   附息 20041125 20111125 359.1    4.86  113.95   2.703   2.556
国债0410     附息 20041125 20111125 359.1    4.86  112.20   3.064   2.878
04国债(11)   附息 20041215 20061215 256.6    2.98  102.18   1.299   1.308
国债0411     附息 20041215 20061215 256.6    2.98  103.05  -0.113  -0.113
05国债(1)    附息 20050228 20150228 300      4.44  111.79   3.355   3.017
国债0501     附息 20050228 20150228 300      4.44  111.06   3.467   3.106
05国债(3)    附息 20050426 20100426 333.9    3.30  102.81   2.673   2.575
国债0503     附息 20050426 20100426 333.9    3.30  100.72   3.280   3.133
05国债(4)    附息 20050515 20250515 339.2    4.11  110.53   4.842   3.491
国债0504     附息 20050515 20250515 339.2    4.11  101.97   5.977   4.111
05国债(5)    附息 20050525 20120525 337.8    3.37  105.81   3.108   2.895
国债0505     附息 20050525 20120525 337.8    3.37  105.32   3.210   2.984
05国债(6)    贴现 20050615 20060615 353.8    0.00   99.80   1.977   1.995
国债0506     贴现 20050615 20060615 353.8    0.00   98.62  13.804  14.692
05国债(7)    附息 20050715 20070715 350.8    1.58  100.39   2.362   2.358
国债0507     附息 20050715 20070715 350.8    1.58  100.47   2.292   2.288
05国债(8)    附息 20050815 20080815 324.5    1.93  100.71   2.281   2.246
国债0508     附息 20050815 20080815 324.5    1.93  100.41   2.423   2.384
05国债(13)   附息 20051125 20121125 328.4    3.01  102.92   2.954   2.744
