
        ●上周基金收益排行榜【2006-04-21至2006-04-28】
        基金代码 基金名称 本周净值 本周累计净值 上周净值 本周净值涨跌幅
                           （元）     （元）      （元）      （%）
         519688  交银精选  1.2795     1.3195     1.2158       5.24 
         460001  友邦盛世  1.2014     1.2814     1.1776       2.02 
         519519  友邦短债  1.0004     1.0004     1.0002       0.02 
         519996  长信银利  1.1307     1.2007     1.1072       2.12 
                 精选    
         163503  天治核心  1.1009     1.1309     1.0546       4.39 
         350001  天治财富  1.1411     1.2211     1.0827       5.39 
                 增长    
         350002  天治优选  1.1194     1.1794     1.0647       5.14 
         400001  东方龙混  1.3227     1.4227     1.24         6.67 
                 合型    
         400003  东方精选  1.1669     1.1849     1.105        5.60 
         481001  工银瑞信  1.3732     1.3882     1.2638       8.66 
                 股票基金
         320001  诺安平衡  1.3109     1.4359     1.2438       5.39 
         320003  诺安股票  1.2387     1.2537     1.1943       3.72 
         398001  国联优质  1.1094     1.1594     1.0483       5.83 
                 成长    
         398011  国联分红  1.0915     1.2115     1.0731       1.71 
                 混合基金
         161706  招商成长  1.3468     1.4468     1.3046       3.23 
         217001  招商股票  1.2816     1.4266     1.2692       0.98 
                 基金    
         217002  招商平衡  1.1779     1.3129     1.1471       2.69 
                 型基金  
         217003  招商债券  1.0124     1.1239     1.0114       0.10 
                 A       
         217005  招商先锋  1.2063     1.2513     1.1877       1.57 
         217203  招商债券  1.0123     1.1238     1.0113       0.10 
                 B       
         373010  上投摩根  1.0008     1.0008     0                 
                 双息平衡
         375010  上投摩根  1.6435     1.6635     1.5378       6.87 
                 中国优势
         377010  上投摩根  1.4993     1.5393     1.4084       6.45 
                 股票基金
         162201  湘财合丰  1.351      1.581      1.301        3.84 
                 成长    
         162202  湘财合丰  1.3645     1.5995     1.3146       3.80 
                 周期    
         162203  湘财合丰  1.2756     1.4356     1.2203       4.53 
                 稳定    
         162204  湘财荷银  1.4101     1.4801     1.3025       8.26 
                 行业精选
         162205  湘财荷银  1.1271     1.1921     1.1002       2.45 
                 风险预算
         163801  中银中国  1.2874     1.2974     1.2474       3.21 
         163803  中银增长  1.0865     1.0865     1.0623       2.28 
         580001  东吴嘉禾  1.0882     1.2382     1.1359      -4.20 
                 优势精选
         163302  巨田资源  1.2567     1.4417     1.1836       6.18 
         233001  巨田基础  1.041      1.041      0.9902       5.13 
                 行业    
         163402  兴业趋势  1.1967     1.2967     1.1693       2.34 
         340001  兴业混合  1.0708     1.2148     1.0518       1.81 
                 型      
         420001  天弘精选  1.0422     1.0822     1.0247       1.71 
                 混合证券
                 基金    
         360001  光大量化  1.1408     1.1708     1.1383       0.22 
                 核心    
         360005  光大红利  1.0101     1.0101     1.0041       0.60 
                 股票    
         519003  海富通收  1.114      1.144      1.079        3.24 
                 益增长  
         519005  海富通股  1.312      1.372      1.258        4.29 
                 票基金  
         519011  海富通精  1.2955     1.5755     1.2434       4.19 
                 选      
         450001  中国收益  1.121      1.166      1.0922       2.64 
         519087  新世纪优  1.0905     1.1505     1.0762       1.33 
                 选分红  
         410001  华富优选  1.0773     1.2273     1.042        3.39 
         253010  德盛安心  1.045      1.065      1.041        0.38 
                 成长    
         255010  德盛稳健  1.235      1.295      1.168        5.74 
         257010  德盛小盘  1.174      1.174      1.138        3.16 
                 精选    
         257020  德盛精选  1.186      1.306      1.204       -1.50 
         162605  景顺鼎益  1.318      1.378      1.241        6.20 
         162607  景顺资源  1.197      1.197      1.171        2.22 
         260101  景优选股  1.3825     1.5625     1.3207       4.68 
                 票      
         260103  景动力平  1.3203     1.4803     1.2651       4.36 
                 衡      
         260104  景内需增  1.543      1.633      1.466        5.25 
                 长      
         530001  建信恒久  1.0902     1.1202     1.0945      -0.39 
                 价值    
         288001  中信经典  1.1608     1.2108     1.1222       3.44 
                 配置    
         288002  红利精选  1.2963     1.2963     1.249        3.79 
                 股票基金
         240001  宝康消费  1.3616     1.5316     1.3053       4.31 
         240002  宝康灵活  1.3616     1.5116     1.3351       1.98 
         240003  宝康债券  1.0293     1.1293     1.0285       0.08 
         240004  动力组合  1.2636     1.3036     1.2142       4.07 
         240005  华宝策略  1.2251     1.2251     1.1716       4.57 
                 增长    
         519008  汇添富精  1.4735     1.5235     1.406        4.80 
                 选      
         162102  金鹰中小  1.2105     1.2105     1.1302       7.10 
                 盘精选  
         210001  金鹰成份  1.0824     1.1724     1.0188       6.24 
         290002  泰信先行  1.2342     1.2542     1.1706       5.43 
                 策略    
         310308  申万巴黎  1.1548     1.1748     1.1514       0.30 
                 精选    
         310318  申万巴黎  1.0496     1.0596     1.03         1.90 
                 盛利强化
         310328  申万巴黎  1.2677     1.3177     1.2203       3.88 
                 股票    
         162703  广发小盘  1.5167     1.5867     1.4173       7.01 
         270001  广发聚富  1.4075     1.6675     1.3441       4.72 
         270002  广发稳健  1.4398     1.6098     1.3663       5.38 
                 增长    
         270005  广发聚丰  1.4421     1.4821     1.3355       7.98 
         160105  南方积配  1.2741     1.2741     1.2214       4.31 
         160106  南方高增  1.2663     1.4233     1.2184       3.93 
         184688  基金开元  1.2464     2.1854     1.1967       4.15 
         184698  基金天元  1.2778     1.6828     1.2306       3.84 
         184710  基金隆元  1.0609     1.0609     1.0408       1.93 
         202001  南方稳健  1.2344     1.4594     1.1832       4.33 
                 成长    
         202101  南方宝元  1.0956     1.3156     1.0972      -0.15 
         202102  南方多利  1.0011     1.0011     1.0007       0.04 
         202201  南方避险  1.1506     1.3146     1.1475       0.27 
         500010  基金金元  1.2607     1.2917     1.2177       3.53 
         160602  鹏华普天  1.012      1.097      1.011        0.10 
                 债券    
         160603  鹏华普天  1.321      1.566      1.259        4.92 
                 收益    
         160605  鹏华中国  1.307      1.387      1.228        6.43 
                 50      
         184689  基金普惠  1.2345     1.8965     1.1889       3.84 
         184693  基金普丰  1.1934     1.4744     1.1554       3.29 
         184711  基金普华  0.9685     0.9685     0.9431       2.69 
         206001  鹏华行业  1.2653     1.3253     1.2079       4.75 
                 成长    
         500019  基金普润  1.271      1.271      1.2251       3.75 
         080001  长盛成长  1.314      1.518      1.262        4.12 
                 价值    
         184690  基金同益  1.3106     2.1446     1.2722       3.02 
         184699  基金同盛  1.12       1.4125     1.1021       1.62 
         184702  基金同智  1.3653     1.5578     1.3347       2.29 
         500039  基金同德  1.353      1.46       1.3192       2.56 
         510080  长盛债券  1.0668     1.2268     1.051        1.50 
                 基金    
         510081  长盛动态  1.3274     1.3474     1.2649       4.94 
                 精选    
         090001  大成价值  1.3178     1.5578     1.2559       4.93 
                 增长    
         090002  大成债券  1.0048     1.1848     1.0032       0.16 
                 AB      
         090003  大成蓝筹  1.3264     1.3464     1.2458       6.47 
                 稳健    
         090004  大成精选  1.3486     1.4386     1.2312       9.54 
         092002  大成债券  1.0048     1.1848     0                 
                 C       
         184691  基金景宏  1.1845     1.6545     1.18         0.38 
         184695  基金景博  1.1321     1.3901     1.0934       3.54 
         184701  基金景福  1.1015     1.2655     1.0822       1.78 
         500007  基金景阳  1.4146     1.7386     1.3503       4.76 
         500017  基金景业  1.1759     1.1759     1.1312       3.95 
         519300  大成300   1.0227     1.0227     1.0124       1.02 
         020001  国泰金鹰  1.44       1.543      1.377        4.58 
                 增长    
         020002  国泰金龙  1.064      1.106      1.061        0.28 
                 债券    
         020003  国泰金龙  1.316      1.388      1.277        3.05 
                 行业    
         020005  国泰金马  1.276      1.306      1.25         2.08 
         020006  金象保本  1.047      1.092      1.041        0.58 
                 增值    
         020008  国泰混合  1          1          0                 
         184703  基金金盛  1.3919     1.5677     1.351        3.03 
         500001  基金金泰  1.3034     2.0184     1.265        3.04 
         500011  基金金鑫  1.2194     1.5214     1.1745       3.82 
         500021  基金金鼎  1.3062     1.3402     1.2504       4.46 
         070001  嘉实成长  1.3139     1.4939     1.2514       4.99 
                 收益    
         070002  嘉实增长  1.617      1.778      1.528        5.82 
         070003  嘉实稳健  1.285      1.4        1.243        3.38 
         070005  嘉实债券  1.055      1.105      1.055        0.00 
         070006  嘉实服务  1.109      1.109      1.068        3.84 
                 增值行业
         070007  嘉实浦安  1.081      1.101      1.071        0.93 
                 保本    
         070009  嘉实超短  1.0001     1.0001     0                 
                 债      
         160706  嘉实300   1.136      1.236      1.112        2.16 
         184721  基金丰和  1.2525     1.3055     1.2329       1.59 
         500002  基金泰和  1.285      1.81       1.2435       3.34 
         040001  华安创新  1.369      1.499      1.305        4.90 
         040002  华安中国  1.119      1.239      1.09         2.66 
                 A股     
         040004  华安宝利  1.42       1.51       1.352        5.03 
         184709  基金安久  1.1839     1.1839     1.1164       6.05 
         500003  基金安信  1.3263     2.5883     1.2593       5.32 
         500009  基金安顺  1.3928     2.0208     1.3313       4.62 
         500013  基金安瑞  1.1618     1.2318     1.1453       1.44 
         510183  180ETF    1.021      1.021      1.009        1.19 
         100016  富国动态  1.175      1.275      1.1397       3.10 
                 平衡    
         100018  富国天利  1.0754     1.1854     1.0687       0.63 
         100020  富国天益  1.4793     1.7193     1.4115       4.80 
         100022  富国天瑞  1.2272     1.3672     1.2132       1.15 
         161005  富国天惠  1.2915     1.4115     1.2189       5.96 
         500005  基金汉盛  1.2426     1.7256     1.2117       2.55 
         500015  基金汉兴  1.0439     1.2139     1.0107       3.28 
         500025  基金汉鼎  1.1244     1.1304     1.0846       3.67 
         500035  基金汉博  1.3293     1.3393     1.2787       3.96 
         050001  博时增长  1.287      1.485      1.293       -0.46 
         050002  博时裕富  1.092      1.142      1.072        1.87 
         050004  博时精选  1.2448     1.2548     1.1885       4.74 
         050006  博时债券  1.0008     1.0147     1.0023      -0.15 
                 基金    
         160505  博时主题  1.1798     1.2708     1.1349       3.96 
         184692  基金裕隆  1.2012     1.5902     1.1862       1.26 
         184696  基金裕华  1.2418     1.3921     1.1996       3.52 
         184705  基金裕泽  1.2229     1.5629     1.1626       5.19 
         500006  基金裕阳  1.1952     2.2022     1.1795       1.33 
         500016  基金裕元  1.216      1.765      1.2079       0.67 
         000001  华夏成长  1.264      1.404      1.168        8.22 
         000011  华夏大盘  1.321      1.381      1.236        6.88 
                 精选    
         001001  华夏债券  1.039      1.149      1.038        0.10 
                 AB      
         001003  华夏债券  1.038      1.148      1.037        0.10 
                 C       
         002001  华夏回报  1.315      1.524      1.268        3.71 
         002011  华夏红利  1.269      1.319      1.199        5.84 
         184708  基金兴科  1.3471     1.4481     1.2961       3.93 
         184718  基金兴安  1.2649     1.2709     1.218        3.85 
         500008  基金兴华  1.3816     2.5566     1.298        6.44 
         500018  基金兴和  1.1604     1.5834     1.1254       3.11 
         500028  基金兴业  0.9986     0.9986     0.9794       1.96 
         510050  50ETF     0.989      0.989      0.962        2.81 
         110001  易方达平  1.443      1.663      1.375        4.95 
                 稳      
         110002  易方达策  1.566      1.756      1.458        7.41 
                 略成长  
         110003  易方达5   1.0719     1.0719     1.039        3.17 
                 0       
         110005  易方达积  1.4835     1.5335     1.4006       5.92 
                 极成长  
         110007  易方达月  1.0003     1.0125     1.002       -0.17 
                 月收益A 
         110008  易方达月  1.0003     1.0139     1.0022      -0.19 
                 月收益B 
         159901  深100ET   1.158      1.158      1.14         1.58 
                 F       
         184712  基金科汇  1.6342     2.0417     1.5799       3.44 
         184713  基金科翔  1.6129     1.9229     1.539        4.80 
         500029  基金科讯  1.4168     1.5218     1.3852       2.28 
         500056  基金科瑞  1.4819     1.6439     1.4233       4.12 
         161601  融通新蓝  1.384      1.569      1.2955       6.83 
                 筹      
         161603  融通债券  1.048      1.193      1.04         0.77 
         161604  融通深证  1.076      1.236      1.052        2.28 
                 100     
         161605  融通蓝筹  1.252      1.412      1.207        3.73 
                 成长    
         161606  融通行业  1.133      1.133      1.131        0.18 
                 景气    
         161607  融通巨潮  1.11       1.32       1.081        2.68 
         184738  基金通宝  1.1845     1.1845     1.1229       5.49 
         500038  基金通乾  1.169      1.222      1.158        0.95 
         184700  基金鸿飞  1.1815     1.1815     1.1221       5.29 
         184728  基金鸿阳  1.2427     1.2642     1.2111       2.61 
         213001  宝盈鸿利  1.1584     1.3484     1.1413       1.50 
         213002  宝盈区域  1.219      1.369      1.2189       0.01 
                 增长    
         184720  基金久富  1.3857     1.3857     1.3421       3.25 
         184722  基金久嘉  1.4611     1.4811     1.3916       4.99 
         200001  长城久恒  1.218      1.398      1.15         5.91 
         200002  长城久泰  1.1271     1.1571     1.1225       0.41 
         200006  长城股票  1.0141     1.0141     1.004        1.01 
         121001  国投融华  1.1884     1.3384     1.1605       2.40 
         121002  国投景气  1.3062     1.3362     1.2475       4.71 
         121003  国投股票  1.0008     1.0008     1.0001       0.07 
         184719  基金融鑫  1.4016     1.5444     1.3452       4.19 
         150103  银泰理财  1.1374     1.1374     1.0977       3.62 
                 分红    
         151001  银河稳健  1.2833     1.3483     1.1982       7.10 
         151002  银河收益  1.1442     1.2242     1.1235       1.84 
         500058  基金银丰  1.242      1.322      1.203        3.24 
         161902  万家保本  1.0867     1.1387     1.072        1.37 
         161903  万家公用  1.099      1.099      1.0627       3.42 
         519180  万家180   1.0596     1.1096     1.0217       3.71 
         180001  银华优势  1.258      1.598      1.1983       4.98 
                 企业    
         180002  银华保本  1.0513     1.0953     1.037        1.38 
                 增值    
         180003  银华精选  1.169      1.489      1.097        6.56 
         184706  基金天华  1.0975     1.0975     1.0593       3.61 
         519001  银华优选  1.3467     1.5667     1.2652       6.44 
                 股票基金


