名称         债券 发行日期 到期日期 总额     利率   价格     收益率(％)
             类别                   亿元      ％    (元)   (单利)  (复利)
05京能(1)    附息 20050706 20100705  15      4.80  107.80   4.023   3.799
05国航债     附息 20050907 20150906  30      4.50  108.00   4.467   3.849
06大唐债     附息 20060216 20260215  20      4.20  103.00   5.625   4.045
05铁通债     附息 20050818 20150817  10      4.60  109.00   4.473   3.857
06冀建投     附息 20060328 20260327  10      4.18  102.30   5.633   4.044
98三峡(8)    附息 19990118 20070117  10      6.20  104.31   2.604   2.604
98中信(7)    附息 19990616 20060615   7      5.48  105.10   3.473   3.473
98石油债     附息 19990908 20070907  13.5    4.50  105.29   2.722   2.710
98中铁(3)    附息 19991013 20091012  24      4.50  105.31   3.781   3.625
01广核债     附息 20011211 20081210  25      4.12  103.45   3.475   3.386
02金茂债     附息 20020428 20120428  10      4.22  102.51   4.115   3.764
01三峡债     附息 20011108 20161108  30      5.21  113.01   4.719   3.974
02电网15     附息 20020619 20170618  35      4.86  111.00   4.948   4.097
02三峡债     附息 20020920 20220920  50      4.76  111.10   5.356   4.070
02中移(5)    附息 20021028 20071028  30      3.50  103.00   2.696   2.680
02中移(15)   附息 20021028 20171028  50      4.50  107.90   4.689   3.891
02武钢(7)    附息 20021105 20091104  15      4.02  103.20   3.814   3.651
02渝城投     附息 20021209 20121209  15      4.32  104.06   4.343   3.916
02苏交通     附息 20021212 20171211  15      4.51  106.70   4.817   3.974
03浦发债     附息 20030113 20130112  15      4.29  103.50   4.350   3.916
03沪杭甬     附息 20030124 20130123  10      4.29  103.98   4.228   3.814
03中铁债     附息 20030825 20210824  30      4.63  108.80   5.369   4.132
03石油债     附息 20031028 20131027  15      4.11  103.11   4.467   3.958
03苏交通     附息 20031121 20131120  18      4.61  107.00   4.330   3.849
03中电投     附息 20031208 20181207  30      5.02  112.30   4.882   3.970
03电网(1)    附息 20031231 20131230  30      4.61  106.20   4.406   3.902
04中石化     附息 20040224 20140223  35      4.61  106.00   4.342   3.843
04南网(2)    附息 20040917 20190916  20      5.60  100.00   8.267   5.992
04南网(1)    附息 20040917 20140916  10      5.30  112.05   4.653   4.054
04国电(1)    附息 20040922 20140921  24.44   5.30  113.88   4.325   3.800
04华电1      附息 20040929 20140928  29.8    5.40  113.80   4.457   3.902
05华电债     附息 20050630 20150629  20      4.98  111.50   4.671   4.016
05渝水务     附息 20050426 20150425  17      5.05  109.33   4.401   3.823
05大唐债     附息 20050429 20200428  30      5.28  114.72   4.888   3.905
05苏园建     附息 20050519 20150518  12      5.05  113.86   4.448   3.856
05闽高速     附息 20050610 20150609  20      5.05  115.00   4.224   3.681
05杭城建     附息 20050620 20150619  10      5.02  112.98   4.496   3.887
05粤交通     附息 20050629 20200628  15      5.30  119.00   4.962   3.946
05华能债     附息 20050705 20150704  20      5.02  112.00   4.633   3.988
05国网(1)    附息 20050708 20150707  30      4.98  111.00   4.741   4.068
05中电投     附息 20050712 20150711  20      4.98  112.00   4.565   3.935
05沪建(1)    附息 20050727 20150726  20      4.98  110.99   4.708   4.040
05沪建(2)    附息 20050727 20200726  10      5.18  119.00   4.744   3.798
05中核(1)    附息 20050722 20150721  10      4.98  111.25   4.673   4.014
05铁道债     附息 20050729 20200728  50      4.85  114.00   4.904   3.897
05世博债     附息 20051228 20121227  15      4.00  103.25   4.066   3.684
