
    财务指标                               2005             2004
    主营业务收入                 269,376,387.03   260,319,095.30
    净利润                         2,245,836.56     2,399,644.04
    总资产                       507,108,000.21   484,260,193.57
    股东权益
    (不含少数股东权益)           214,275,081.68   212,029,245.12
    每股收益                               0.03             0.03
    每股净资产                             2.50             2.48
    调整后的每股净资产                     2.39             2.41
    每股经营活动产生的现金流量
    净额                                   0.11             0.39
    净资产收益率（％）                     1.05             1.13
    加权平均净资产收益率（％）             1.05             1.14

&nbsp&nbsp&nbsp&nbsp
