
    年份                                      2005年            2004年
    总股本                            132,913,293.00    132,913,293.00
    三年以上的应收款项净额             25,361,076.43     74,510,332.12
    应收帐款                            5,693,799.68     20,400,965.06
    其他应收款                         16,263,776.75     53,676,162.50
    预付帐款                              3,403,5.00        433,204.56
    待摊费用                               33,163.75
    经营活动产生的现金流量净额          2,860,005.72     -2,666,500.45
    主营业务收入                       55,152,655.02     55,361,406.43
    净利润                           -313,951,815.32   -108,815,868.75
    总资产                            152,413,517.13    226,977,705.28
    股东权益                         -715,171,388.21   -885,309,586.88
    每股收益                                   -2.36             -0.82
    每股净资产                                 -5.38             -6.66
    调整后的每股净资产                         -5.58             -7.23
    每股经营活动产生的现金流量净额              0.02             -0.02
    净资产收益率

&nbsp&nbsp&nbsp&nbsp
