
                                              2005年            2004年
    主营业务收入                         -206,938.38     25,486,760.46
    利润总额                           -9,720,486.14      7,478,635.67
    净利润                             -7,920,573.98      1,265,677.62
    扣除非经常性损益的净利润           -7,896,910.19      1,415,675.23
    每股收益                                  -0.056             0.009
    净资产收益率（%）                           5.92              1.02
    经营活动产生的现金流量净额         -1,461,553.26     -1,609,934.62
    每股经营活动产生的现金流量净额            -0.010            -0.011
                                            2005年末          2004年末
    总资产                             44,099,620.86     47,077,343.67
    股东权益（不含少数股东权益）     -133,903,172.68   -124,182,686.54
    每股净资产                                -0.954            -0.885
    调整后的每股净资产                        -1.087            -0.897

&nbsp&nbsp&nbsp&nbsp
