



基金名称

单位净值（元）

最近一周

最近一月

最近三月


总回报率（%）

排名

总回报率（%）

排名

总回报率（%）

排名

基金兴科(行情,论坛) 
(184708)
1.3471 
3.93 
17 
13.57 
28 
17.53 
32 

基金兴安(行情,论坛) 
(184718)
1.2649 
3.85 
18 
14.45 
27 
17.58 
31 

基金兴华(行情,论坛) 
(500008)
1.3816 
6.44 
1 
19.03 
5 
28.53 
2 

基金兴和(行情,论坛) 
(500018)
1.1604 
3.11 
34 
12.71 
33 
17.90 
28 

基金兴业(行情,论坛) 
(500028)
0.9986 
1.96 
44 
6.75 
53 
9.75 
54 

基金安久(行情,论坛) 
(184709)
1.1839 
6.05 
2 
21.40 
1 
27.48 
6 

基金安信(行情,论坛) 
(500003)
1.3263 
5.32 
4 
16.80 
12 
20.04 
22 

基金安顺(行情,论坛) 
(500009)
1.3928 
4.62 
10 
14.86 
24 
18.50 
27 

基金安瑞(行情,论坛) 
(500013)
1.1618 
1.44 
49 
13.19 
30 
18.78 
26 

基金开元(行情,论坛) 
(184688)
1.2464 
4.15 
13 
15.63 
20 
14.43 
43 

基金天元(行情,论坛) 
(184698)
1.2778 
3.84 
19 
12.74 
32 
14.81 
41 

基金隆元(行情,论坛) 
(184710)
1.0609 
1.93 
45 
9.61 
47 
11.74 
50 

基金金元(行情,论坛) 
(500010)
1.2607 
3.53 
26 
14.80 
25 
19.02 
25 

基金裕隆(行情,论坛) 
(184692)
1.2012 
1.26 
51 
13.02 
31 
16.67 
35 

基金裕华(行情,论坛) 
(184696)
1.2418 
3.52 
27 
11.51 
40 
13.16 
47 

基金裕泽(行情,论坛) 
(184705)
1.2229 
5.19 
6 
8.63 
50 
11.72 
51 

基金裕阳(行情,论坛) 
(500006)
1.1952 
1.33 
50 
6.46 
54 
9.85 
53 

基金裕元(行情,论坛) 
(500016)
1.2160 
0.67 
53 
6.78 
52 
10.44 
52 

基金丰和(行情,论坛) 
(184721)
1.2525 
1.59 
48 
9.84 
46 
14.26 
44 

基金泰和(行情,论坛) 
(500002)
1.2850 
3.34 
29 
12.00 
37 
17.41 
33 

基金融鑫(行情,论坛) 
(184719)
1.4016 
4.19 
12 
17.35 
10 
27.65 
5 

基金金盛(行情,论坛) 
(184703)
1.3919 
3.03 
36 
16.35 
14 
23.89 
14 

基金金泰(行情,论坛) 
(500001)
1.3034 
3.04 
35 
15.86 
19 
22.08 
17 

基金金鑫(行情,论坛) 
(500011)
1.2194 
3.82 
21 
16.02 
15 
21.29 
19 

基金金鼎(行情,论坛) 
(500021)
1.3062 
4.46 
11 
15.47 
21 
20.10 
21 

基金景宏(行情,论坛) 
(184691)
1.1845 
0.38 
54 
11.84 
38 
19.55 
24 

基金景博(行情,论坛) 
(184695)
1.1321 
3.54 
25 
12.27 
36 
14.77 
42 

基金景福(行情,论坛) 
(184701)
1.1015 
1.78 
46 
8.48 
51 
13.56 
45 

基金景阳(行情,论坛) 
(500007)
1.4146 
4.76 
9 
18.16 
7 
24.65 
9 

基金景业(行情,论坛) 
(500017)
1.1759 
3.95 
16 
18.78 
6 
24.25 
11 

基金鸿飞(行情,论坛) 
(184700)
1.1815 
5.29 
5 
17.84 
8 
24.37 
10 

基金鸿阳(行情,论坛) 
(184728)
1.2427 
2.61 
39 
16.52 
13 
24.15 
12 

基金汉盛(行情,论坛) 
(500005)
1.2426 
2.55 
41 
10.86 
42 
14.96 
39 

基金汉兴(行情,论坛) 
(500015)
1.0439 
3.28 
31 
10.94 
41 
14.94 
40 

基金汉鼎(行情,论坛) 
(500025)
1.1244 
3.67 
23 
10.58 
44 
11.77 
49 

基金汉博(行情,论坛) 
(500035)
1.3293 
3.96 
15 
20.59 
3 
27.68 
4 

基金科汇(行情,论坛) 
(184712)
1.6342 
3.44 
28 
15.89 
18 
25.75 
7 

基金科翔(行情,论坛) 
(184713)
1.6129 
4.80 
8 
21.31 
2 
31.67 
1 

基金科讯(行情,论坛) 
(500029)
1.4168 
2.28 
43 
15.03 
23 
23.99 
13 

基金科瑞(行情,论坛) 
(500056)
1.4819 
4.12 
14 
15.99 
16 
22.61 
16 

基金通宝(行情,论坛) 
(184738)
1.1845 
5.49 
3 
15.04 
22 
20.51 
20 

基金通乾(行情,论坛) 
(500038)
1.1690 
0.95 
52 
8.89 
49 
12.27 
48 

基金天华(行情,论坛) 
(184706)
1.0975 
3.61 
24 
15.89 
17 
21.73 
18 

基金银丰(行情,论坛) 
(500058)
1.2420 
3.24 
33 
12.70 
34 
15.64 
38 

基金久富(行情,论坛) 
(184720)
1.3857 
3.25 
32 
17.82 
9 
25.18 
8 

基金久嘉(行情,论坛) 
(184722)
1.4611 
4.99 
7 
19.09 
4 
28.05 
3 

基金同益(行情,论坛) 
(184690)
1.3106 
3.02 
37 
11.76 
39 
17.67 
29 

基金同盛(行情,论坛) 
(184699)
1.1200 
1.62 
47 
9.06 
48 
13.51 
46 

基金同智(行情,论坛) 
(184702)
1.3653 
2.29 
42 
10.35 
45 
16.51 
36 

基金同德(行情,论坛) 
(500039)
1.3530 
2.56 
40 
10.77 
43 
16.47 
37 

基金普惠(行情,论坛) 
(184689)
1.2345 
3.84 
20 
14.67 
26 
19.92 
23 

基金普丰(行情,论坛) 
(184693)
1.1934 
3.29 
30 
13.39 
29 
17.60 
30 

基金普华(行情,论坛) 
(184711)
0.9685 
2.69 
38 
12.29 
35 
17.31 
34 

基金普润(行情,论坛) 
(500019)
1.2710 
3.75 
22 
17.01 
11 
22.99 
15 