　　来源：中天财经



股 票代 码
股 票简 称
每股收益摊薄(元)
调整后的每股净资产(元)
每股净资产(元)
净资产收益率％
股东人数

600022
G济钢
0.07
4.32
4.32
1.71

600028
中国石化
0.105
2.53
2.59
4.06

600029
南方航空
-0.15
2.03
2.12
-6.9

600050
中国联通
0.039
2.08
2.28
1.7

600054
G黄山
-0.02
2.31
2.35
-0.67

600055
G万东
0.022
2.89
2.95
0.76

600062
G双鹤
0.1033
3.94
4.02
2.57

600068
葛洲坝
0.0082
4.88
4.93
0.17

600074
中达股份
0.05
3.36
3.4
1.46

600082
海泰发展
0.015
1.82
1.83
0.82

600086
*ST多佳
0.0092
0.91
0.91
1.01

600089
特变电工
0.188
4.14
4.25
4.43

600098
G广控
0.063
3.8
3.81
1.66

600107
美尔雅
0.0028
0.72
1.05
0.26

600108
亚盛集团
0.007
&nbsp;
1.71
0.42

600169
G太重
0.0442
2.2
2.32
1.91

600177
雅戈尔
0.134
2.49
2.53
5.31

600182
佳通轮胎
0.0013
0.73
1.05
0.12

600185
G海星
0.01
&nbsp;
2.12
0.48

600186
莲花味精
0.0046
2.16
2.21
0.21

600187
*ST黑龙
-0.1058
-2.14
-1.94
&nbsp;

600193
G创兴
0.002
1.7
1.72
0.1

600200
G吴中
0.023
2.12
2.16
1.08

600202
哈空调
0.084
1.93
1.99
4.2

600203
福日股份
0.0035
1.71
1.97
0.18

600213
*ST亚星
-0.0458
1.38
1.54
-2.98

600215
长春经开
0.006
6.31
6.31
0.09

600233
G大杨
0.054
2.9
2.93
1.86

600252
中恒集团
0.007
1.48
1.54
0.44

600255
鑫科材料
0.07
5.59
5.59
1.34

600263
G路桥
0.017
3.64
3.75
0.44

600266
G城建
0.055
3.08
3.27
1.67

600280
南京中商
0.11
4.3
4.55
2.36

600290
苏福马
-0.05
0.99
1.09
-4.8

600295
G鄂绒
0.058
3.17
3.18
1.82

600302
G标准
0.12
3.07
3.08
3.78

600309
G万华
0.21
2.31
2.31
9.1

600310
桂东电力
0.0299
4.02
4.03
0.74

600323
南海发展
0.107
3.77
3.83
2.8

600325
G华发
0.19
4.31
4.31
4.34

600329
中新药业
0.066
4.49
4.49
1.48

600332
G广药
0.074
3.26
3.31
2.24

600359
新农开发
0.039
2.51
3.45
1.14

600361
G综超
0.18
2.69
3.28
5.38

600369
*ST长运
-0.05
0.93
0.93
-5.65

600378
天科股份
0.02
2.07
2.07
0.75

600383
金地集团
0.094
4.2
4.21
2.23

600385
ST金泰
-0.03
-1.06
-0.77
&nbsp;

600387
海越股份
0.03
3.11
3.11
0.84

600410
华胜天成
0.1962
5.7
5.74
3.42

600415
小商品城
0.4
8.21
8.24
4.82

600429
G三元
0.004
1.12
1.15
0.35

600466
迪康药业
-0.0363
4.45
4.64
-0.78

600483
福建南纺
0.0078
3.36
3.4
0.23

600485
G中创
0.05
&nbsp;
1.88
2.68

600488
G天药
0.056
4
4.01
1.4

600491
G龙元
0.15
4.16
4.63
3.25

600509
天富热电
0.02
2.79
2.79
0.57

600515
ST一投
-0.004
-0.48
-0.48
-0.01

600518
G康美
0.165
5.52
5.57
2.96

600526
G菲达
0.04
3.34
3.34
1.25

600548
G深高速
0.059
2.92
2.93
2.01

600552
方兴科技
-0.19
1.82
1.82
-10.52

600556
G北生
0.03
3.22
3.26
0.97

600569
安阳钢铁
0.012
3
3
0.4

600571
G信雅达
0.02
2.3
2.31
0.89

600577
G精达
0.129
3.29
3.34
3.867

600582
天地科技
0.0355
3.1
3.12
1.14

600586
G金晶
0.07
3.26
3.27
2.22

600587
新华医疗
0.039
3.51
3.6
1.1

600600
青岛啤酒
0.0573
3.79
3.82
1.5

600605
轻工机械
0.004
1.57
1.62
0.25

600609
金杯汽车
-0.032
0.3
0.46
-7.04

600616
G食品
0.22
2.13
2.23
9.92

600622
G嘉宝
0.044
1.74
1.84
2.41

600629
*ST棱光
-0.03
-3.7
-3.68
&nbsp;

600635
G大众
0.0285
2.43
2.43
1.17

600638
新黄浦
0.0332
4.02
4.03
0.83

600639
G金桥
0.199
3.09
3.09
6.46

600654
G飞乐
0.01
1.48
1.67
0.6

600667
太极实业
0.008
1.43
1.47
0.52

600696
利嘉股份
0.004
1.26
1.26
0.31

600701
工大高新
0.0001
2.66
2.7
0

600703
天颐科技
-0.0897
-2.14
-2.12
&nbsp;

600704
G中大
0.032
2.87
3.03
1.06

600711
雄震集团
-0.03
-0.54
-0.54
&nbsp;

600716
耀华玻璃
-0.099
1.24
1.27
-7.79

600718
G东软
0.02
4.67
4.75
0.41

600731
G海利
0.01
2.2
2.32
0.44

600733
前锋股份
0.0095
1.45
1.46
0.65

600748
G实发展
0.02
2.17
2.19
0.97

600754
G锦江
0.0796
3.33
3.1
2.57

600755
厦门国贸
0.0966
2.77
2.84
3.4

600756
浪潮软件
0.0012
3.25
3.3
0.04

600757
华源发展
-0.06
1.21
1.8
-3.09

600761
G合力
0.192
3.4
3.43
5.61

600767
ST运盛
-0.006
0.92
0.92
-0.62

600770
综艺股份
0.0213
2.3
2.34
0.91

600773
西藏金珠
0.009
0.25
0.38
2.36

600777
新潮实业
0.04
4.16
4.18
0.94

600778
友好集团
0.0213
2.43
2.52
0.85

600787
G中储
0.031
2.47
2.49
1.25

600803
G威远
0.01
2.71
2.74
0.4

600820
G隧道
0.0385
3.2
3.31
1.16

600827
友谊股份
0.078
3.86
3.85
2.03

600836
G界龙
0.0079
2
2.26
0.35

600837
G都市
0.0739
2.32
2.32
3.18

600839
G长虹
0.035
4.52
4.57
0.76

600842
GST中西
0.0109
0.75
0.86
1.28

600843
上工申贝
0.0008
1.26
1.26
0.07

600847
ST渝万里
-0.012
0.27
0.28
-4.5

600851
G海欣
-0.0036
1.69
1.7
-0.21

600855
航天长峰
0.03
2.57
2.58
1.16

600863
G蒙电
0.0215
2.16
2.19
0.99

600871
仪征化纤
-0.008
2.05
2.05
-0.4

600874
创业环保
0.013
1.72
1.73
0.73

600876
洛阳玻璃
-0.13
0.79
1.23
-10.7

600879
G火箭
0.06
2.4
2.41
2.53

600893
华润生化
0.0357
2.5
2.56
1.4

600894
G广钢
-0.03
1.48
1.5
-2.1

600962
G中鲁
0.03
2.88
2.95
1.1

600969
郴电国际
0.0389
3.2
3.25
1.2

600980
G北矿
0.015
2.84
2.84
0.54

900939
汇丽B股
0.003
1.19
1.2
0.27

600008
G首创
0.04
2.13
2.13
1.71
76353

600016
G民生
0.1
2.14
2.19
4.74
263462

600030
G中信
0.038
2.28
2.31
1.64
42585

600033
福建高速
0.1338
3.4
3.4
3.93
33654

600036
G招行
0.107
2.63
2.64
4.05
211577

600056
中技贸易
0.0704
3.33
3.35
2.1
21714

600067
G冠城
0.09
1.66
1.7
5.21
13581

600078
澄星股份
0.0253
2.7
2.72
0.93
28663

600080
金花股份
-0.0245
3.33
3.34
-0.73
59231

600081
东风科技
-0.0513
1.13
1.19
-4.32
11191

600091
明天科技
0.004
5.59
5.67
0.06
72763

600102
莱钢股份
0.04
5.11
5.15
0.72
64842

600104
G上汽
0.068
3.62
3.4
1.87
79276

600109
成都建投
-0.043
2.83
2.84
-1.51
9090

600112
G长征
0.0227
1.61
1.68
1.35
17639

600146
G大元
0.0041
1.65
1.65
0.25
10944

600149
华夏建通
-0.004
1.86
1.89
-0.24
29633

600150
G重机
0.24
3.21
3.21
7.58
15445

600162
香江控股
-0.014
2.09
2.17
-0.65
34264

600167
沈阳新开
0.0239
2.31
2.33
1.02
23622

600176
中国玻纤
0.0472
1.71
1.78
2.66
30766

600230
G沧大
0.14
3.29
3.31
4.23
29590

600235
民丰特纸
0.0325
3.1
3.14
1.03
11779

600283
钱江水利
0.0084
2.65
3.18
0.26
43716

600284
G浦建
0.037
3.02
3.09
1.2
34341

600288
G大恒
0.0307
3.84
3.92
0.78
37476

600292
G九电
0.13
2.56
2.57
5.22
37150

600293
三峡新材
-0.032
2.68
2.7
-1.17
29615

600299
星新材料
0.146
4.53
4.59
3.18
18402

600303
G曙光
0.2
4.31
4.33
4.61
23870

600307
G酒钢
0.07
5.28
5.28
1.34
45613

600308
G华泰
0.269
8.11
8.22
3.27
39239

600319
G亚星
0.021
3.38
3.4
0.62
38257

600337
G美克
0.042
3.7
3.73
1.12
17580

600351
G亚宝
0.04
2.49
2.51
1.56
10696

600354
敦煌种业
0.056
3.09
3.09
1.8
21485

600370
三房巷
0.09
4.6
4.6
1.98
18597

600376
G天鸿宝
-0.07
4.24
4.24
-1.65
16555

600381
贤成实业
-0.0101
0.76
0.77
-1.31
--

600405
G动力源
-0.04
3.35
3.35
-1.07
14978

600446
G金证
0.04
3.85
3.86
1.13
8548

600449
赛马实业
-0.133
4.79
4.81
-2.76
13099

600455
交大博通
0.003
2.86
2.92
0.09
11030

600460
G士兰微
0.13
3.08
3.08
4.07
10691

600462
石岘纸业
-0.35
3.11
3.11
-11.24
17235

600482
G风帆
0.04
3.47
3.47
1.08
30391

600508
G上能
0.18
2.86
2.86
6.16
45881

600510
G黑牡丹
0.06
2.44
2.44
2.46
14568

600520
三佳科技
0.01
2.34
2.4
0.38
14453

600525
G长园
0.15
4.01
4.03
3.7
8751

600528
G中铁
0.0535
4.18
4.46
1.21
63356

600547
G鲁黄金
0.16
3.94
4.05
3.92
13158

600562
G高陶
0.023
4.12
4.12
0.55
12628

600566
G洪城
0.006
4.51
4.51
0.13
15608

600579
黄海股份
-0.085
2.24
2.24
-3.8
21952

600617
*ST联华
-0.016
0.08
0.09
-18.87
14910

600620
G天宸
-0.015
1.54
1.55
-0.98
28279

600634
海鸟发展
-0.01
2.31
2.33
-0.46
17929

600652
爱使股份
0.02
2.12
2.12
0.82
102078

600655
豫园商城
0.1
3.82
3.98
2.52
62899

600657
青鸟天桥
-0.04
0.22
0.47
-9.58
45594

600679
G凤凰
0.0013
1.38
1.38
0.1
30763

600680
上海邮通
0.0027
1.89
2.11
0.13
41730

600688
上海石化
-0.021
2.64
2.64
-0.81
125441

600690
青岛海尔
0.07
4.75
4.75
1.48
235831

600727
鲁北化工
0.0018
6.04
6.11
0.03
75741

600737
*ST屯河
0.0247
0.85
0.87
2.84
24882

600740
山西焦化
0.0035
4.69
5.05
0.07
31388

600741
G沪巴士
0.02
2.38
2.51
0.81
108225

600742
G四环
0.01
5.1
5.28
0.13
33097

600745
天华股份
-0.02
1.99
1.97
&nbsp;
13733

600758
ST金帝
-0.062
-0.41
0.7
-8.84
26306

600760
ST黑豹
0.0006
1.71
1.73
0.03
72284

600775
南京熊猫
0.02
1.77
1.94
1.02
25661

600797
G网新
0.02
1.47
1.5
1.61
88041

600801
G华新
0.027
3.57
3.72
0.72
34605

600802
福建水泥
-0.024
1.97
2.14
-1.14
60951

600807
*ST济百
-0.06
-0.42
-0.04
-166.04
14648

600815
G厦工
0.035
2.07
2.1
1.64
32992

600819
G耀皮
0.003
2.64
2.73
0.09
35832

600824
G益民
0.233
2.29
2.3
10.09
29327

600826
G兰生
0.01
1.79
1.83
0.57
56738

600840
新湖创业
0.379
2.02
2.05
18.47
20220

600853
龙建股份
-0.032
1.4467
1.6569
-1.93
46444

600857
工大首创
0.003
1.88
1.9
0.14
31804

600860
G北人
0.01
2.99
3.04
0.27
34263

600865
百大集团
0.06
2.61
2.65
2.21
43897

600881
亚泰集团
0.01
2.71
2.88
0.28
138579

600884
G杉杉
0.057
3.46
3.56
1.6
73582

600978
G宜华
0.07
2.78
2.78
2.38
20967

600985
G雷鸣
0.028
3.17
3.17
0.88
19254

600991
长丰汽车
0.068
4.87
4.96
1.38
28905

900949
东电B股
0.077
3.21
3.22
2.39
75107

900950
新城B股
0.0638
2.34
2.38
2.68
16907

600010
G包钢
0.0257
2.22
2.22
1.16
162030

600011
G华能
0.09
3.31
3.33
2.72
35984

600027
华电国际
0.043
2.12
2.12
2.02
107958

600031
G三一
0.118
4.44
4.45
2.65
21671

600053
ST江纸
0.008
&nbsp;
-0.63
&nbsp;
18419

600058
G五矿
0.1621
3.6
3.76
4.32
41569

600065
*ST联谊
-0.0922
0.32
0.64
-14.43
28493

600070
浙江富润
0.04
3.86
3.87
0.97
13294

600072
G江南
0.008
2.78
2.81
0.3
58783

600077
国能集团
0.0372
2.44
2.44
1.53
21418

600085
G同仁堂
0.164
5.43
5.58
2.95
35467

600105
G永鼎
0.031
3.56
3.63
0.85
49799

600115
东方航空
-0.1962
0.83
1
-19.67
103500

600122
宏图高科
0.0032
2.85
3.23
0.1
65027

600128
G弘业
0.0216
3
3.04
0.71
40832

600151
G航天
0.042
2.59
2.72
1.56
41630

600152
维科精华
0.0345
2.45
2.47
1.4
59989

600161
天坛生物
0.08
2.13
2.13
3.78
30651

600168
武汉控股
0.01
3.13
3.15
0.31
49823

600170
G建工
0.06
4.54
4.54
1.28
85015

600172
G旋风
0.06
3.41
3.46
1.73
44353

600180
G九发
0.0499
3.78
3.87
1.29
17924

600183
G生益
0.154
2.27
2.28
6.72
41806

600216
G浙医药
0.053
1.61
1.63
3.27
27445

600218
G全柴
0.018
2.81
2.95
0.6
44523

600236
桂冠电力
0.012
2.24
2.24
0.52
57481

600241
G辽时代
0.03
4.39
4.43
0.73
14315

600250
南纺股份
0.02
2.88
3.05
0.68
15214

600277
G亿利
0.0245
4.75
4.79
0.51
35108

600278
G东创
0.02
2.98
3.12
0.73
28695

600296
兰州铝业
0.067
5.342
5.382
1.25
67981

600311
荣华实业
0.026
4.15
4.25
0.61
34825

600313
ST中农
0.0035
1.87
2.07
0.17
31150

600328
G兰太
0.032
2.26
2.3
1.38
34731

600330
天通股份
0.038
2.24
2.25
1.67
17049

600350
G基建
0.0641
2.21
2.21
2.9
95571

600357
G承钒钛
0.024
2.56
2.58
0.92
72562

600363
联创光电
0.0242
2.91
2.95
0.82
36231

600367
G红星
0.07
3.3
3.31
2.16
24489

600371
华冠科技
0.051
1.87
1.9
2.67
18609

600386
G北巴
-0.28
2.25
2.38
-11.59
30685

600421
春天股份
0.0343
&nbsp;
2.88
1.19
18122

600428
G中远
0.18
3.41
3.41
5.15
62258

600438
G通威
0.0237
4.1
4.11
0.58
13499

600468
G百利
0.047
2.25
2.26
2.08
15818

600486
扬农化工
0.14
4.05
4.05
3.46
10126

600490
中科合臣
0.0074
3.71
3.72
0.2
11529

600502
安徽水利
0.06
3.24
3.28
1.7
24070

600506
香梨股份
-0.03
2.59
2.59
-1.08
16426

600512
G腾达
0.073
3.09
3.19
2.27
19300

600522
中天科技
0.0298
2.93
2.93
1.02
30287

600538
G国发
0.02
2.49
2.52
0.91
23793

600540
新赛股份
0.09
3.18
3.18
2.87
20472

600551
科大创新
0.002
1.52
1.61
0.09
10328

600576
*ST庆丰
-0.034
2.23
2.23
-1.52
19402

600585
海螺水泥
0.12
4.64
4.67
2.65
7677

600592
G龙溪
0.1356
4.01
4.07
3.33
10713

600602
G电子
0.0046
3.13
3.13
0.15
201506

600615
ST丰华
-0.017
0.55
1.42
-1.19
16669

600621
G金陵
0.032
1.68
1.84
1.72
52150

600641
中远发展
0.146
4.5
4.5
3.24
51937

600649
G原水
0.063
3.28
3.28
1.93
216217

600665
天地源
0.011
1.91
1.91
0.57
57557

600673
G阳之光
0.04
1.79
1.79
2.15
17473

600674
川投控股
0.0199
2.11
2.12
0.94
33517

600676
G交运
0.0469
3.32
3.34
1.41
38761

600712
南宁百货
0.0173
1.08
1.14
1.52
8351

600713
南京医药
0.028
2.34
2.44
1.13
35274

600726
华电能源
0.028
3.07
3.07
0.91
124633

600744
华银电力
0.0311
3.69
3.69
0.84
144348

600766
*ST烟发
-0.056
-0.91
-0.82
&nbsp;
13707

600771
东盛科技
0.08
2.44
2.57
3.05
20607

600781
*ST民丰
-0.02
0.05
0.05
-38.09
7250

600804
鹏博士
-0.03
1.63
1.67
-1.89
23872

600808
G马钢
0.046
2.97
2.97
1.56
136913

600814
杭州解百
0.057
1.77
1.78
3.18
50143

600833
第一医药
0.016
1.47
1.48
1.06
20412

600841
上柴股份
0.008
3.7
3.73
0.21
44088

600859
王府井
0.126
3.996
4.169
3.029
91938

600877
中国嘉陵
-0.03
2.28
2.44
-1.06
77244

600883
博闻科技
0.045
1.36
1.39
3.25
24517

600888
新疆众和
0.1912
4.12
4.25
4.5
10585

600891
ST秋林
-0.02
0.34
0.84
-2.64
29601

600897
厦门空港
0.101
4.37
4.37
2.32
41763

600900
G长电
0.049
2.76
2.76
1.79
220787

600961
G株冶
0.1925
2.29
2.29
8.41
38470

600970
中材国际
0.15
4.65
4.66
3.12
11306

600986
G科达
-0.013
3.91
3.93
-0.34
17707

600992
贵绳股份
0.06
4.46
4.48
1.43
28210

600003
东北高速
0.04
2.68
2.68
1.51
128526

600004
G穗机场
0.07
3.99
4.06
1.95
65428

600005
G武钢
0.032
2.62
2.62
1.204
113835

600020
中原高速
0.144
3.09
4.13
3.48
49657

600035
楚天高速
0.064
2.36
2.36
2.72
70841

600038
哈飞股份
0.0006
3.35
3.44
0.02
6266

600051
宁波联合
0.024
2.55
2.58
0.94
38330

600059
G龙山
0.047
5.11
5.11
0.92
27796

600060
海信电器
0.071
4.98
5.14
1.37
100800

600095
哈高科
0.006
2.32
2.39
0.25
89650

600097
华立科技
0.05
1.46
1.54
3.31
13560

600100
G同方
0.0268
5.11
5.33
0.5
166629

600110
中科英华
0.03
2.16
2.23
1.34
34013

600111
G稀土
0.008
2.64
2.84
0.29
83252

600113
G东日
0.03
3.22
3.23
1.04
19500

600123
G兰花
0.374
4.75
4.77
7.84
33503

600130
G波导
0.06
3.47
3.56
1.68
36030

600131
岷江水电
0.0097
1.44
1.46
0.66
40307

600163
福建南纸
0.004
3.7
3.74
0.11
37705

600165
G宁恒力
-0.051
2.48
2.53
-2.01
29142

600178
东安动力
0.0378
3.51
3.53
1.07
53393

600190
锦州港
0.04
1.35
1.37
2.92
111633

600191
G华资
0.05
4.27
4.29
1.2
44714

600217
秦岭水泥
-0.0684
0.95
0.98
-7
46625

600220
G苏阳光
0.04
2.51
2.51
1.62
67910

600227
G赤天化
0.22
6.29
6.29
3.49
39367

600249
两面针
0.04
6.63
6.74
0.65
23754

600260
G凯乐
0.08
3.99
3.99
1.92
19802

600261
G浙阳光
0.19
6.04
6.06
3.12
14191

600267
G海正
0.061
2.75
2.75
2.21
14580

600300
G维维
0.05
2.2
2.21
2.17
34185

600316
洪都航空
0.013
4.79
4.79
0.26
14768

600322
G天房
0.0119
3.83
3.98
0.3
78065

600335
ST盛工
0.0016
2.41
2.47
0.07
16135

600336
G澳柯玛
-0.08
2.99
3.11
-2.61
50170

600339
G天利
0.003
1.64
1.64
0.19
29942

600348
G国阳
0.3
5.79
5.82
5.09
22161

600365
G通葡酒
0.0068
3.1
3.1
0.22
25730

600368
五洲交通
0.04
3.02
3.02
1.35
55639

600372
昌河股份
-0.04
2.95
3.06
-1.38
－－

600375
G星马
0.052
3.6
3.61
1.44
13546

600392
G天成
0.04
3.62
3.64
1.2
13254

600396
G金山
0.06
2.53
2.54
2.46
18667

600399
G抚钢
0.01
2.81
2.87
0.34
40196

600409
G唐三友
0.0711
2.85
2.9
2.45
37003

600418
G江汽
0.151
3.2
3.2
4.72
34804

600425
G青松
0.004
2.61
2.71
0.15
19001

600448
华纺股份
0.028
2.44
2.45
1.15
33729

600477
G杭萧
0.024
2.15
2.18
1.1
19799

600493
G凤竹
0.0311
3.21
3.23
0.96
22928

600496
G精工钢
0.133
2.92
2.95
4.59
11538

600498
G烽火
0.02
5.38
5.58
0.28
40282

600516
海龙科技
-0.068
2.69
2.69
-2.53
27589

600523
贵航股份
0.006
2.08
2.19
0.29
23922

600535
G天士力
0.0949
4.27
4.39
2.16
13199

600549
G厦钨
0.2116
3.71
3.71
5.71
7814

600570
G恒生
0.0019
3.49
3.49
0.05
10439

600583
G海工
0.14
6.05
6.06
2.25
9227

600589
G榕泰
0.081
3.48
3.48
2.33
22952

600590
G泰豪
0.08
3.12
3.12
2.41
15962

600594
G益佰
0.06
6.9
6.93
0.84
4957

600606
金丰投资
0.029
4.14
4.16
0.69
48481

600608
上海科技
-0.06
1.53
1.57
-3.72
57293

600611
大众交通
0.08
4.29
4.41
1.81
71849

600628
G新世界
0.071
2.87
2.93
2.42
32386

600648
G外高桥
0.0163
1.52
1.52
1.07
65119

600650
G锦投
0.107
3.54
3.55
3.02
44945

600662
强生控股
0.043
2.05
2.07
2.06
59742

600663
G陆家嘴
0.025
3.38
3.42
0.73
157077

600668
尖峰集团
-0.05
2.52
2.57
-2.1
69680

600682
南京新百
0.1
4.05
4.07
2.45
32518

600685
广船国际
0.0631
1.61
1.7
3.72
46516

600689
上海三毛
-0.0569
1.51
1.59
-3.58
47216

600699
辽源得亨
-0.08
1.89
1.97
-4.02
39993

600707
彩虹股份
0.004
3.26
3.26
0.12
65284

600708
G海博
0.0512
2.15
2.2
2.33
31110

600720
祁连山
-0.017
2.11
2.18
-0.77
65618

600736
G苏高新
0.041
3.68
3.69
1.1
84013

600753
ST冰熊
0.0025
0.56
0.89
0.28
10637

600763
ST中燕
-0.0025
0.07
0.2
-1.25
8690

600764
G中广通
0.015
1.74
1.77
0.84
29008

600768
宁波富邦
0.019
1.22
1.23
1.57
5184

600783
鲁信高新
0.005
1.31
1.49
0.34
24369

600790
轻纺城
0.0107
2.72
2.78
0
58498

600796
钱江生化
0.037
2.03
2.05
1.79
8236

600822
G物贸
0.038
1.97
1.99
1.92
21239

600858
银座股份
0.1899
1.44
1.75
10.86
13803

600867
通化东宝
0.02
3.69
4.01
0.49
70207

600869
G三普
0.01
1.05
1.16
1.06
10695

600890
*ST中房
-0.014
0.72
0.72
-1.91
17993

600976
武汉健民
0.05
8.99
9.12
0.56
14561

600981
G苏纺织
0.06
3.73
3.74
1.66
16999

600982
G宁热电
0.04
2.12
2.12
1.65
20022

600983
G合三洋
0.061
1.53
1.53
3.98
28126

600001
G邯钢
0.043
3.76
3.77
1.15
166045

600012
G皖通
0.1053
2.9
2.9
3.63
26725

600026
G中海
0.2198
3.44
3.44
6.39
86339

600061
中纺投资
0.004
1.33
1.33
0.3
24667

600064
G宁高科
0.056
4.01
4.03
1.4
77495

600073
G梅林
0.0027
2.52
2.52
0.11
76093

600083
ST博讯
-0.046
-0.16
-0.17
&nbsp;
34631

600106
G渝路桥
0.0494
3.61
3.68
1.34
42857

600114
G东睦
0.011
3.05
3.05
0.34
18247

600117
G西钢
0.043
2.67
2.92
1.48
1441

600120
G浙东方
0.03
1.97
1.98
1.74
40396

600132
重庆啤酒
0.052
2.73
2.77
1.89
7969

600133
东湖高新
0.0118
2.28
2.8
0.42
43481

600135
乐凯胶片
0.009
2.62
2.66
0.34
39633

600137
*ST长控
-0.071
-9.72
-9.67
&nbsp;
5636

600141
G兴发
0.027
3.28
3.29
0.81
15655

600148
长春一东
0.011
1.94
1.99
0.57
22257

600157
鲁润股份
0.0352
1.87
2
1.77
41830

600159
G大龙
0.01
0.94
0.94
1.07
11150

600173
牡丹江
-0.142
1.61
1.68
-8.44
39717

600188
G兖煤
0.12
3.6
3.61
3.28
46988

600199
ST金牛
0.013
1.91
1.91
0.71
57619

600201
金宇集团
0.033
2.66
2.67
1.23
12133

600205
山东铝业
0.4396
5.3
5.3
8.29
35717

600208
G中宝
0.005
1.8
1.98
0.26
34641

600209
罗顿发展
0.001
1.57
1.59
0.07
43855

600212
江泉实业
0.02
4.05
4.13
0.5
56078

600219
G南山
0.08
4.35
4.37
1.98
46075

600222
太龙药业
0.0201
3.33
3.49
0.58
9160

600228
昌九生化
0.011
1.2
1.34
0.81
28224

600229
青岛碱业
0.03
3.07
3.07
0.94
58098

600232
G金鹰
0.086
3.92
3.9
2.21
10263

600237
G铜峰
0.05
2.82
2.84
1.81
28962

600243
青海华鼎
0.0145
2.7
2.82
0.48
23136

600247
G物华
0.017
1.53
1.55
1.15
25281

600258
首旅股份
0.054
3.61
3.65
1.48
24014

600262
北方股份
0.011
3.42
3.73
0.3
21943

600265
景谷林业
0.014
3.25
3.5
0.41
21854

600269
赣粤高速
0.154
5.07
5.07
3.09
18171

600270
外运发展
0.12
3.04
3.12
3.79
28291

600281
太化股份
0.01
3.16
3.25
0.3
44935

600282
南钢股份
0.035
3.81
3.83
0.92
46114

600291
G西水
-0.05
4.04
4.22
-1.07
30543

600298
安琪酵母
0.1484
4.97
5
2.97
16217

600305
恒顺醋业
0.0637
3.38
3.46
1.84
16408

600317
G营口港
0.16
3.86
3.86
4.25
2282

600320
G振华
0.23
3.2
3.2
7.17
53779

600321
国栋建设
0.05
5.02
5.02
0.73
37195

600326
西藏天路
0.0307
2.46
2.48
1.24
22652

600327
大厦股份
0.143
2.9
2.99
4.78
9341

600352
G龙盛
0.0553
1.83
1.85
3
32286

600355
精伦电子
0.0004
2.56
2.56
0.02
20287

600366
G韵升
0.0549
2.42
2.43
2.26
12656

600379
宝光股份
-0.017
1.77
1.81
-0.93
15749

600380
健康元
0.09
3.4
3.41
2.78
23327

600382
广东明珠
0.02
3.51
3.52
0.68
31563

600388
龙净环保
0.06
4.41
4.48
1.41
27309

600391
成发科技
0.049
3.33
3.35
1.45
17933

600393
G东华
-0.038
1.71
1.71
-2.24
18219

600397
安源股份
-0.16
3.29
3.35
-4.75
26320

600398
G凯诺
0.14
4.69
4.69
2.9
32750

600400
G红豆
0.05
3.69
3.71
1.35
36965

600403
欣网视讯
0.009
2.06
2.06
0.45
16216

600420
G现代
0.154
3.44
3.45
4.46
13544

600423
G柳化
0.11
3.89
4.02
2.83
11125

600426
G恒升
0.19
3.87
3.87
4.91
15056

600444
G国通
0.0283
3.94
3.94
0.72
14730

600458
G时代
0.02
2.14
2.15
0.93
21269

600461
G水业
0.0496
3.27
3.27
1.51
19387

600467
好当家
0.07
4.08
4.08
1.64
22912

600469
G风神
0.06
3.13
3.27
1.85
27525

600476
湘邮科技
0.036
3.04
3.09
1.18
14819

600478
力元新材
0.01
2.46
2.46
0.39
15300

600489
中金黄金
0.1308
2.78
2.95
4.44
19550

600497
驰宏锌锗
0.671
5.16
5.18
12.95
11814

600500
G中化
0.08
2.53
2.54
3.2
50496

600507
G长力
-0.016
1.75
1.75
-0.96
29627

600517
G置信
0.052
1.45
1.45
3.57
13707

600519
贵州茅台
0.95
11.61
11.74
8.11
8993

600531
G豫光
0.123
3.2
3.2
3.85
30344

600532
G华阳
0.0297
3.31
3.33
0.89
19033

600533
G栖霞
0.317
3.13
3.13
10.13
8064

600537
G海通
0.018
2.21
2.21
0.82
20827

600539
狮头股份
0.013
3.68
3.78
0.35
36148

600543
莫高股份
0.022
3.68
3.69
0.61
21889

600545
G新城建
-0.078
3.44
3.55
-2.19
23497

600553
G太行
-0.04
1.76
1.8
-2.37
30032

600557
G康缘
0.104
2.9
2.95
3.53
9187

600558
大西洋
0.0772
4.55
4.61
1.67
23237

600560
金自天正
0.06
3.93
4.04
1.55
14635

600565
G迪马
0.052
5.12
5.18
1.01
12717

600567
山鹰纸业
0.034
3.51
3.51
0.97
32606

600568
潜江制药
0.004
4.01
4.07
0.11
18365

600572
G康恩贝
0.1
3.96
3.99
2.45
18386

600581
G八一
-0.08
3.96
3.97
-1.99
49300

600584
G苏长电
0.034
&nbsp;
2.55
1.33
17718

600593
大连圣亚
-0.11
3.13
3.2
-3.43
13684

600595
G中孚
0.1
3.8
3.8
2.56
26962

600601
方正科技
0.045
1.86
1.87
2.39
141316

600604
G二纺机
0.0012
1.13
1.17
0.1
84746

600612
G中铅
0.0575
2.01
2.08
2.77
34633

600618
G氯碱
-0.049
2.29
2.46
-1.98
80058

600619
G海立
0.07
3.03
3.07
2.27
36749

600626
G申达
0.039
3.19
3.21
1.22
63808

600630
G龙头
0.015
3.09
3.22
0.45
78619

600660
G福耀
0.1
2.22
2.3
4.18
17997

600671
天目药业
0.012
1.82
1.84
0.58
32407

600677
航天通信
0.0026
1.49
1.68
0.15
49373

600678
四川金顶
0.0044
1.28
1.49
0.3
40815

600684
G穗珠江
0.02
3.32
3.46
0.48
44029

600686
G金龙
0.17
3.57
3.65
4.52
12671

600687
华盛达
0.019
2.03
2.03
0.91
19725

600691
ST东碳
-0.0461
-0.4
0.08
-58.14
11779

600694
大商股份
0.266
8.07
8.21
3.24
11162

600697
欧亚集团
0.065
4.42
4.42
1.47
28568

600702
G沱牌
0.0193
4.83
4.91
0.39
55748

600705
*ST北亚
-0.046
1.15
1.3
-3.52
91779

600714
金瑞矿业
-0.034
1.35
1.41
-2.39
5940

600724
宁波富达
0.0084
1.72
1.77
0.48
5768

600730
中国高科
0.02
2.03
2.05
0.78
29691

600732
G新梅
0.03
2.04
2.05
1.43
32183

600735
ST陈香
-0.02
0.28
0.29
-7.16
11849

600746
江苏索普
-0.0042
1.21
1.22
-0.34
22575

600749
G圣地
0.016
1.36
1.36
1.17
10965

600782
新华股份
0.0258
1.63
1.66
1.56
13529

600789
鲁抗医药
0.012
3.65
3.65
0.32
87926

600791
G天创
0.01
2.03
2.08
0.49
8173

600794
保税科技
0.014
1.44
1.45
0.97
17979

600795
国电电力
0.078
3.35
3.36
2.31
53140

600806
交大科技
0.0266
2.2
2.2
1.21
24505

600810
G神马
0.022
5.98
6.08
0.37
64194

600812
华北制药
0.006
0.97
1.65
0.36
169743

600831
G广电
0.023
1.4
1.41
1.63
13937

600834
G申地铁
0.062
1.68
1.68
3.7
36476

600850
G华电脑
-0.0118
0.95
1.22
-0.97
20913

600854
春兰股份
0.004
5.75
5.75
0.08
67875

600856
长百集团
0.008
1.47
1.9
0.41
27907

600861
北京城乡
0.0621
4.11
4.3
1.46
88191

600870
厦华电子
0.019
2.19
2.37
0.8
47900

600882
G大成
0.019
2.3
2.72
0.69
49920

600886
G华靖
0.129
2.18
2.43
5.3
49559

600887
G伊利
0.24
5.6
6.11
3.85
16626

600889
南京化纤
0.0153
3.34
3.34
0.46
27161

600898
三联商社
-0.0002
1.57
1.58
-0.02
35575

600965
福成五丰
0.01
1.68
1.76
0.78
25056

600971
G恒源
0.19
4.47
4.47
4.33
21789

600973
G宝胜
0.06
4.76
4.95
1.21
15534

600990
四创电子
0.012
2.14
5.17
0.23
10008

600993
马应龙
0.3
11.29
11.41
2.63
8674

900929
锦旅B股
0.016
3.58
3.6
0.43
13661

900935
阳晨B股
0.03
1.58
1.58
1.91
11471

600015
华夏银行
0.09
2.45
2.58
3.46
224512

600079
G人福
0.035
2.87
2.89
1.2
37965

600138
G中青旅
0.0435
4.7
4.73
0.92
42565

600160
G巨化
0.075
2.95
2.97
2.53
54737

600184
新华光
0.01
3.98
3.98
0.23
13145

600275
武昌鱼
-0.0243
1.55
1.61
-1.51
41216

600276
恒瑞医药
0.201
4.47
4.49
4.47
8124

600373
G鑫新
0.01
&nbsp;
2.26
0.48
18604

600456
G宝钛
0.42
4.32
4.32
9.7
11800

600463
G空港
0.03
3.3
3.32
1
18328

600475
华光股份
0.152
2.32
2.43
6.28
14662

600575
芜湖港
0.08
4.15
4.15
1.86
18392

600578
G京能
0.05
2.75
2.75
1.87
38769

600636
三爱富
0.0857
2.76
2.78
3.08
15611

600642
G申能
0.145
3.78
3.78
3.85
129838

600692
G亚通
0.021
1.68
1.77
1.18
26743

600717
G天津港
0.08
2.84
2.84
2.65
73246

600750
江中药业
0.12
4.87
4.91
2.38
16241

600765
力源液压
0.025
1.48
1.62
1.53
15307

600809
山西汾酒
0.2569
2.23
2.44
10.51
22808

600875
G东电
0.304
4
4.39
6.93
17625

600880
G博瑞
0.1
2.32
2.54
4.13
11553

600967
北方创业
0.04
3.65
3.67
1.01
17408

600984
建设机械
-0.14
2.71
2.71
-5.29
13380

600995
文山电力
0.05
3.26
3.26
1.57
18877

900951
大化B
-0.2
1.71
1.72
-11.5
18352

900956
东贝B股
0.013
1.64
1.69
0.76
21532

600006
东风汽车
0.0499
2.24
2.32
2.15
38299

600018
G上港
0.1393
3.86
3.88
3.59
67043

600071
凤凰光学
0.03
2.15
2.17
1.36
30970

600076
青鸟华光
-0.07
0.81
1.07
-6.71
38569

600087
G水运
0.12
2.87
2.87
4.24
55763

600096
G云天化
0.3216
5.34
5.4
5.96
43868

600121
G郑煤电
0.0805
1.98
1.98
4.06
69760

600126
G杭钢
0.03
4.96
4.96
0.52
69102

600143
G金发
0.2
4.35
4.36
4.7
9184

600192
长城电工
0.0154
3.39
3.45
0.45
59249

600207
安彩高科
-0.171
4.78
4.78
-3.58
53275

600253
G天方
0.02
2.01
2.02
0.91
33966

600285
G羚锐
0.014
4.44
4.51
0.31
22730

600306
G商业城
0.021
2.7
2.74
0.78
8448

600312
平高电气
0.049
3.38
3.41
1.45
15318

600346
冰山橡塑
0.006
2.91
3.08
0.19
16906

600358
国旅联合
0.03
1.12
1.13
2.35
29432

600362
G江铜
0.316
3.25
3.25
9.7
45649

600416
G湘电
0.09
3.71
3.71
2.3
31533

600452
G涪电力
0.005
2.96
2.97
0.17
21287

600479
G千金
0.15
6.9
7.02
2.07
14084

600501
G晨光
0.02
1.78
1.82
0.9
7588

600503
ST新智
0.0036
0.97
0.97
0.37
10937

600513
联环药业
0.03
4.19
4.25
0.79
－－

600521
G华海
0.14
3.55
3.55
3.95
15177

600529
G药玻
0.1
3.91
3.92
2.51
16674

600559
裕丰股份
0.01
2.3
2.41
0.39
15557

600613
永生数据
0.002
1.13
1.13
0.21
13691

600623
轮胎橡胶
0.014
1.47
1.69
0.81
47639

600647
同达创业
0.0052
1.1
1.1
0.47
3237

600725
G云维
0.034
2.64
2.78
1.24
22291

600774
汉商集团
0.237
4
4.02
5.88
9861

600785
新华百货
0.18
5.63
5.71
3.22
14240

600805
悦达投资
0.009
2.83
2.91
0.3
130979

600823
世茂股份
-0.009
2.27
2.27
-0.39
46730

600829
三精制药
0.16
2.11
2.13
7.29
6846

600846
G同科
-0.0738
1.66
1.71
-4.32
80752

600864
岁宝热电
-0.02
3.05
3.07
-0.5
16820

600872
中炬高新
0.0214
2.81
2.99
0.72
101751

600979
广安爱众
0.0479
2.46
2.53
1.9
22463

600987
航民股份
0.0298
3.47
3.49
0.85
31040

600997
G开滦
0.21
4.78
4.78
4.3
50886

600021
G上电
0.0659
4.05
4.07
1.62
77713

600226
G拜克
0.06
3.46
3.47
1.72
30536

600301
G南化
0.01
3.09
3.15
0.33
35538

600389
江山股份
0.07
2.9
2.91
2.39
18914

600439
G瑞贝卡
0.16
4.08
4.08
3.95
11272

600487
G亨通
0.051
5.15
5.15
0.99
16502

600550
G天威
0.08
2.98
3.14
2.61
24758

600675
G中企
0.123
2.57
2.74
4.5
96164

600683
银泰股份
0.067
2.13
2.14
3.12
29587

600719
大连热电
0.162
3.63
3.66
4.42
41549

600817
G宏盛
0.19
2.51
2.51
7.52
9961

600966
G博汇
0.16
6.03
6.03
2.58
26002

600975
新五丰
0.07
4.7
4.71
1.49
13185

600037
G歌华
0.07
5.2
5.22
1.4
28832

600063
G皖维
0.049
2.63
2.64
1.88
51687

600069
G银鸽
0.08
1.63
1.65
4.73
61805

600125
G铁龙
0.069
2.3
2.34
2.93
32857

600273
G华芳
0.02
2.9
2.9
0.68
28283

600318
巢东股份
-0.03
2.05
2.05
-1.61
38309

600331
G宏达
0.1512
2.37
2.53
5.97
18662

600390
金瑞科技
0.08
5.52
5.55
1.45
16696

600406
国电南瑞
0.0276
3.38
3.46
0.8
4584

600480
G凌云
0.04
1.39
1.53
2.39
15056

600495
G晋西
0.044
3.71
3.77
1.16
15842

600511
国药股份
0.1784
3.81
3.92
4.55
18045

600598
G北大荒
0.08
2.03
2.53
3.05
83994

600710
常林股份
0.032
2.09
2.1
1.51
30581

600769
祥龙电业
0.003
2.18
2.22
0.14
48716

600793
宜宾纸业
-0.0742
1.87
1.82
-4.08
9940

600845
宝信软件
0.08
1.68
1.7
4.51
15585

600873
五洲明珠
0.0144
1.69
1.72
0.84
17308

600892
ST湖科
-0.0309
-0.5
-0.49
&nbsp;
3468

600099
林海股份
0.009
2.07
2.11
0.41
22834

600127
金健米业
0.004
2.2
2.21
0.18
87847

600210
G紫江
0.022
1.91
1.91
1.15
100634

600231
G凌钢
0.038
4.68
4.68
0.82
65038

600246
先锋股份
-0.039
4.35
4.38
-0.89
7956

600436
片仔癀
0.145
4.25
4.28
3.39
8239

600563
法拉电子
0.11
3.13
3.13
3.55
9780

600573
惠泉啤酒
0.002
3.77
3.79
0.04
16434

600666
G西药
0.06
1.97
2.07
2.93
31487

600693
东百集团
0.097
1.07
2.85
3.4
17079

600738
兰州民百
0.015
1.07
1.07
1.44
23422

600832
G明珠
0.11
3.69
3.71
2.93
87147

600960
G活塞
0.04
5.17
5.17
0.78
16848

600240
G华业
0.02
3.48
3.48
0.52
28261

600118
中国卫星
0.05
1.47
1.5
3.53
9852

600271
航天信息
0.24
6.35
6.38
3.7
10682

600459
贵研铂业
0.03
4.52
4.53
0.75
17459

900953
凯马B股
0.007
1.21
1.29
0.52
39106

600066
G宇通
0.1294
4.91
4.93
2.63
24396

600211
西藏药业
-0.012
3.08
3.13
-0.38
19866

600546
中油化建
0.0945
5.45
5.54
1.71
18274

900948
伊泰B股
0.38
4.66
4.89
7.79
18475

600561
江西长运
0.09
1.86
1.9
4.87
16466