


第1页:公众如何看是否该向日本扔原子弹第2页:原子弹轰炸后的景象第3页:原子弹轰炸后的景象第4页:原子弹轰炸后的景象第5页:原子弹轰炸后的景象第6页:原子弹轰炸后的景象第7页:原子弹轰炸后的景象第8页:原子弹轰炸后的景象第9页:原子弹轰炸后的景象第10页:原子弹轰炸后的景象第11页:原子弹轰炸后的景象第12页:原子弹轰炸后的景象第13页:原子弹轰炸后的景象第14页:原子弹轰炸后的景象第15页:原子弹轰炸后的景象第16页:原子弹轰炸后的景象第17页:原子弹轰炸后的景象第18页:原子弹轰炸后的景象第19页:原子弹轰炸后的景象第20页:原子弹轰炸后的景象第21页:原子弹轰炸后的景象第22页:原子弹轰炸后的景象第23页:原子弹轰炸后的景象


人间地狱：日本民众手绘原子弹爆炸惨状图



当蘑菇云笼罩城市上空时，在距广岛爆炸中心一英里半的二叶山上，喜代吉五郎目睹淑庆太田河花园（中）变成一片火海。在画中，喜代吉五郎描绘了太田河河岸上的人们逃离大爆炸的情景



上一页 [1] [2] [3] [4] [5] [6] [7] [8] [9] [10] [11] [12] [13] [14] [15] [16] [17] [18] [19] [20] [21] [22] [23] 下一页 

搜狗(www.sogou.com)搜索:“日本”,共找到

66,941,278


个相关网页.