


第1页:公众如何看是否该向日本扔原子弹第2页:原子弹轰炸后的景象第3页:原子弹轰炸后的景象第4页:原子弹轰炸后的景象第5页:原子弹轰炸后的景象第6页:原子弹轰炸后的景象第7页:原子弹轰炸后的景象第8页:原子弹轰炸后的景象第9页:原子弹轰炸后的景象第10页:原子弹轰炸后的景象第11页:原子弹轰炸后的景象第12页:原子弹轰炸后的景象第13页:原子弹轰炸后的景象第14页:原子弹轰炸后的景象第15页:原子弹轰炸后的景象第16页:原子弹轰炸后的景象第17页:原子弹轰炸后的景象第18页:原子弹轰炸后的景象第19页:原子弹轰炸后的景象第20页:原子弹轰炸后的景象第21页:原子弹轰炸后的景象第22页:原子弹轰炸后的景象第23页:原子弹轰炸后的景象


人间地狱：日本民众手绘原子弹爆炸惨状图



炸弹袭击广岛10分钟后，一名妇女在房子的废墟中大呼救命，房子还在燃烧。妇女的叫声深深刺痛官一的心，官一不能够帮助她。在痛苦面前的无能为力是一个重复的主题。



上一页 [1] [2] [3] [4] [5] [6] [7] [8] [9] [10] [11] [12] [13] [14] [15] [16] [17] [18] [19] [20] [21] [22] [23] 下一页 

搜狗(www.sogou.com)搜索:“日本”,共找到

66,941,278


个相关网页.